date,hour,type,北京,天津,石家庄,唐山,秦皇岛,邯郸,保定,张家口,承德,廊坊,沧州,衡水,邢台,太原,呼和浩特,沈阳,大连,长春,哈尔滨,上海,南京,苏州,南通,连云港,徐州,扬州,无锡,常州,镇江,泰州,淮安,盐城,宿迁,杭州,宁波,温州,绍兴,湖州,嘉兴,台州,舟山,金华,衢州,丽水,合肥,福州,厦门,南昌,济南,青岛,郑州,武汉,长沙,广州,深圳,珠海,佛山,中山,江门,东莞,惠州,肇庆,南宁,海口,重庆,成都,贵阳,昆明,拉萨,西安,兰州,西宁,银川,乌鲁木齐,湘潭,株洲,包头,鄂尔多斯,营口,盘锦,泉州,莱芜,临沂,德州,聊城,滨州,淄博,枣庄,烟台,潍坊,济宁,泰安,日照,威海,东营,韶关,汕头,湛江,茂名,梅州,汕尾,阳江,清远,潮州,云浮,玉溪,菏泽,大同,长治,临汾,阳泉,赤峰,鞍山,抚顺,本溪,锦州,吉林,齐齐哈尔,牡丹江,大庆,芜湖,马鞍山,九江,洛阳,安阳,开封,焦作,平顶山,三门峡,宜昌,荆州,岳阳,常德,张家界,桂林,北海,柳州,三亚,绵阳,宜宾,攀枝花,泸州,自贡,德阳,南充,遵义,曲靖,咸阳,铜川,延安,宝鸡,渭南,金昌,嘉峪关,石嘴山,克拉玛依,库尔勒,寿光,章丘,即墨,胶南,胶州,莱西,平度,蓬莱,招远,莱州,荣成,文登,乳山,吴江,昆山,常熟,张家港,太仓,句容,江阴,宜兴,金坛,溧阳,海门,临安,富阳,义乌,诸暨,瓦房店,信阳,周口,漳州,晋城,朔州,晋中,运城,忻州,吕梁,乌海,通辽,呼伦贝尔,巴彦淖尔,乌兰察布,兴安盟,锡林郭勒盟,阿拉善盟,阜新,铁岭,四平,辽源,通化,白山,松原,白城,延边州,鸡西,鹤岗,双鸭山,伊春,佳木斯,七台河,黑河,绥化,大兴安岭地区,蚌埠,淮南,淮北,铜陵,安庆,黄山,滁州,阜阳,宿州,六安,亳州,池州,宣城,莆田,三明,南平,龙岩,宁德,景德镇,萍乡,新余,鹰潭,赣州,吉安,宜春,抚州,上饶,鹤壁,新乡,濮阳,许昌,漯河,南阳,商丘,驻马店,黄石,十堰,鄂州,荆门,孝感,黄冈,咸宁,随州,恩施州,衡阳,邵阳,益阳,郴州,永州,怀化,娄底,湘西州,梧州,防城港,钦州,贵港,玉林,百色,贺州,河池,来宾,崇左,广元,遂宁,内江,乐山,眉山,广安,达州,雅安,巴中,资阳,阿坝州,甘孜州,凉山州,六盘水,安顺,铜仁地区,毕节,黔西南州,黔东南州,黔南州,保山,昭通,丽江,临沧,楚雄州,红河州,文山州,西双版纳州,大理州,德宏州,怒江州,迪庆州,昌都地区,山南地区,日喀则地区,那曲地区,阿里地区,林芝地区,汉中,榆林,安康,商洛,白银,天水,武威,张掖,平凉,酒泉,庆阳,定西,陇南,临夏州,甘南州,海东地区,海北州,黄南州,海南州,果洛州,玉树州,海西州,吴忠,中卫,固原,吐鲁番地区,哈密地区,昌吉州,博州,阿克苏地区,喀什地区,和田地区,伊犁哈萨克州,塔城地区,阿勒泰地区,石河子,五家渠,克州,普洱,襄阳,葫芦岛,河源,揭阳,辽阳,朝阳,丹东
20150501,0,AQI,216,127,88,205,142,115,160,170,122,252,127,130,116,117,109,65,61,84,67,58,78,131,72,58,66,154,142,130,106,138,100,56,132,135,124,106,114,113,86,80,77,82,71,125,76,91,49,104,141,51,108,99,59,37,26,28,30,21,20,41,43,39,43,24,60,80,47,55,74,283,59,82,81,79,61,38,174,170,61,65,65,138,77,148,135,74,126,126,39,83,91,87,71,38,84,61,74,22,22,78,79,23,51,109,29,30,110,144,84,82,102,104,103,55,78,111,99,47,105,59,72,70,85,82,94,94,147,89,86,126,109,111,77,88,77,46,43,16,82,87,50,120,272,57,117,74,61,155,99,164,104,124,68,59,92,69,82,86,78,60,50,59,49,50,35,52,72,56,39,43,130,80,80,135,63,90,219,113,113,106,51,108,120,81,,78,110,97,55,69,125,97,161,177,55,94,101,61,85,318,59,253,66,72,85,109,99,85,106,63,57,78,58,61,44,44,43,54,56,78,42,67,71,70,77,66,56,109,71,48,63,49,38,60,72,56,81,45,104,148,58,88,77,65,116,85,128,109,72,108,114,100,87,90,138,85,93,82,108,102,104,92,99,96,124,41,40,64,74,63,114,67,98,31,25,40,29,44,40,72,36,32,39,48,98,141,77,99,70,83,80,60,133,42,83,48,87,52,78,69,46,58,31,56,95,53,61,39,48,63,79,66,61,47,38,48,50,62,155,59,49,67,177,86,99,79,47,59,74,51,59,105,59,74,57,26,98,63,91,79,123,116,91,99,51,32,81,84,48,71,317,500,500,89,70,37,75,47,378,50,88,110,66,65,98,77,72
20150501,0,PM2.5,165,96,65,154,108,86,121,92,88,201,96,98,87,88,56,43,43,41,37,40,51,99,52,34,39,117,108,98,79,105,75,39,100,102,69,79,85,84,41,58,38,57,49,94,33,48,32,60,107,14,74,66,41,19,18,12,19,14,14,21,30,19,19,10,38,58,27,28,24,78,36,41,33,35,43,26,131,102,25,46,46,105,54,113,102,48,95,95,27,46,67,63,42,25,56,43,52,9,15,57,52,10,20,81,20,16,82,107,61,60,73,75,72,26,43,83,61,28,69,35,48,50,58,56,70,70,112,66,61,95,81,83,56,65,56,23,15,9,60,57,19,90,221,23,88,53,35,85,74,94,61,74,32,12,50,25,35,44,43,32,12,41,21,11,24,30,31,37,21,14,98,58,58,102,44,57,168,81,84,79,29,80,90,59,,57,71,72,38,44,43,65,122,133,35,70,66,24,48,168,29,72,28,47,62,81,74,60,79,24,36,41,21,29,19,10,27,33,33,57,9,40,51,42,56,47,39,81,45,30,44,34,21,42,52,39,59,30,77,80,38,62,41,46,87,62,97,81,44,80,85,75,59,44,105,60,69,60,80,75,77,68,72,71,93,24,26,29,53,44,85,48,73,17,17,21,12,30,21,52,19,15,19,15,70,107,36,74,35,61,58,38,101,27,61,31,64,34,57,49,17,40,7,37,60,9,41,20,19,44,39,47,32,17,6,8,5,,90,41,3,21,119,63,63,43,29,25,35,32,41,29,34,39,35,14,73,44,67,57,77,53,45,74,22,22,38,35,17,25,219,240,203,27,38,7,39,8,105,30,57,82,46,46,73,31,52
20150501,0,PM2.5_24h,118,111,109,148,70,80,116,80,92,133,90,107,95,77,46,51,34,45,39,72,29,74,60,67,43,48,68,47,33,52,53,50,39,59,54,69,54,42,60,65,43,58,59,68,41,64,57,38,112,36,95,58,77,42,25,15,31,22,17,39,29,47,25,14,44,89,27,26,23,55,59,40,70,29,68,66,73,51,34,42,50,161,77,126,126,167,126,86,45,55,70,78,55,30,94,42,58,14,16,51,32,15,52,62,24,23,84,65,45,47,82,59,41,29,44,62,45,27,52,44,31,32,49,79,71,60,126,93,89,74,69,76,69,74,50,15,42,8,72,73,36,41,117,79,77,49,32,53,61,61,69,54,71,26,100,22,46,93,71,33,37,46,37,31,31,41,33,32,26,25,71,61,68,87,64,23,73,36,47,47,68,45,53,46,,51,66,74,54,54,61,49,56,97,39,124,59,39,92,65,43,78,114,67,54,63,54,56,72,30,56,46,33,43,34,21,32,44,21,28,9,41,33,51,51,51,35,56,45,47,50,45,40,44,53,39,39,36,58,56,66,63,53,71,71,88,81,73,62,89,80,88,80,57,99,86,60,64,71,56,56,57,62,63,76,39,68,54,52,52,85,76,69,40,16,17,26,28,43,49,26,40,26,25,70,85,110,88,42,61,42,38,79,15,35,28,52,28,34,40,14,29,6,38,40,13,44,15,15,42,17,44,34,19,13,22,14,13,46,39,5,53,63,51,58,62,58,106,62,110,34,63,61,66,42,30,73,29,50,36,48,38,46,149,104,93,33,27,14,17,109,269,231,24,15,9,17,14,197,15,58,59,44,56,40,28,61
20150501,0,PM10,212,132,113,214,158,136,167,164,177,279,189,172,158,182,166,77,70,116,81,36,103,116,67,63,79,169,152,162,160,157,103,57,143,157,105,124,130,117,52,88,53,96,74,99,100,64,48,156,212,28,163,145,51,31,23,27,29,17,18,21,40,26,42,23,67,95,46,58,45,407,65,112,109,106,47,37,285,287,45,59,63,145,101,181,157,96,196,177,38,113,115,113,89,36,116,65,68,18,21,77,61,22,49,56,16,29,140,235,116,93,151,156,153,57,104,96,145,46,158,66,92,68,118,112,131,118,230,125,117,162,134,148,74,93,92,45,21,14,65,121,49,126,281,44,132,69,47,257,136,276,156,196,84,46,131,86,112,119,76,68,17,50,26,29,33,42,91,59,31,18,132,81,78,163,61,128,175,110,124,122,40,130,135,96,,86,168,124,54,86,129,141,123,275,58,66,150,69,117,433,65,386,80,92,118,132,122,118,127,74,62,103,64,70,37,43,36,56,60,53,41,82,89,87,95,73,55,107,73,47,74,46,31,63,65,55,91,44,97,244,63,123,93,62,143,112,164,126,92,130,149,130,122,127,136,118,102,95,144,152,140,94,123,128,143,40,39,75,59,53,133,72,107,30,23,39,25,43,39,83,26,31,38,41,143,132,54,93,87,87,87,67,130,41,70,47,87,51,92,81,45,58,30,56,138,29,69,38,41,,105,56,69,,37,30,28,72,257,42,7,81,302,103,92,76,46,65,95,50,62,157,66,44,61,25,135,61,120,106,194,179,117,60,50,19,109,115,47,89,432,953,671,126,88,33,97,37,481,49,124,116,46,60,135,101,91
20150501,0,PM10_24h,153,136,177,193,118,156,171,188,164,192,166,169,191,172,186,96,66,104,101,100,63,96,87,112,85,82,102,92,90,82,85,80,77,88,85,110,73,77,83,80,63,85,84,90,84,93,93,92,198,69,173,142,123,64,54,35,53,34,31,57,52,70,51,31,83,159,44,58,39,146,140,101,295,120,123,102,175,141,59,64,79,210,158,204,179,217,242,161,73,118,117,140,100,52,163,65,79,30,26,71,54,31,86,62,43,39,130,184,101,80,197,123,90,66,102,88,101,89,124,100,50,56,92,144,125,118,214,159,166,137,125,130,109,114,72,37,69,18,116,115,63,66,162,136,134,82,44,113,128,133,153,134,217,44,514,72,165,180,106,74,56,79,75,55,60,74,92,49,43,46,102,84,98,131,94,62,104,57,73,77,96,92,85,73,,93,118,120,95,104,134,130,85,170,96,359,184,81,292,160,103,212,263,140,110,104,92,109,122,94,136,91,97,108,85,57,70,124,73,84,38,77,72,86,98,74,49,81,77,76,77,65,53,59,70,80,69,63,76,120,114,119,124,107,108,146,128,113,106,153,137,122,138,147,135,149,90,103,114,118,95,81,110,107,105,72,98,135,72,66,141,129,104,81,30,38,55,46,90,118,44,64,45,67,166,111,171,125,92,97,84,70,125,34,58,46,71,45,81,78,34,39,19,51,83,27,60,27,36,38,54,55,59,26,31,36,23,61,121,33,16,84,132,91,102,254,106,343,172,282,60,173,151,104,97,57,139,51,80,79,88,97,100,335,335,292,93,92,62,69,295,1325,711,78,27,27,82,86,576,30,109,94,56,71,90,108,114
20150501,0,SO2,24,13,32,36,20,19,33,42,37,47,39,28,36,35,11,21,10,8,15,9,20,14,16,22,22,46,23,43,47,19,17,8,17,20,15,15,17,24,9,6,4,38,30,7,19,3,10,21,34,11,16,22,16,9,8,3,10,7,7,7,6,11,8,2,12,8,6,22,8,16,4,9,9,8,13,10,12,4,9,9,6,34,19,36,37,80,62,36,13,23,51,53,15,6,52,14,8,4,4,5,6,2,18,17,6,17,29,43,18,39,29,22,39,29,28,67,12,12,10,8,67,27,44,28,19,13,32,30,39,10,24,38,10,8,23,6,9,3,9,19,12,7,7,5,10,4,9,12,13,7,7,21,3,10,53,7,3,29,46,21,4,8,7,16,8,15,13,6,13,7,12,21,10,30,27,22,38,28,27,30,13,12,31,32,,39,19,16,6,12,28,39,56,55,70,13,7,44,5,18,6,3,2,103,16,16,14,17,5,2,2,10,16,11,11,2,7,9,10,5,22,17,9,15,41,40,6,24,21,26,8,50,14,31,2,12,30,7,6,18,13,63,27,18,13,17,42,149,25,50,29,13,27,16,17,21,17,24,43,32,18,13,19,17,7,24,41,23,11,22,21,30,2,11,2,9,27,68,16,16,6,19,4,11,19,14,7,2,37,6,13,11,21,5,12,14,13,28,47,20,9,8,3,9,100,14,6,10,6,1,13,6,11,2,2,8,5,11,40,18,3,7,11,35,51,344,6,2,17,2,3,4,3,11,6,8,6,6,3,13,18,2,2,5,7,2,6,3,13,16,8,15,79,4,16,4,3,3,3,12,8,20,5,13,45,21,12
20150501,0,SO2_24h,13,17,47,53,26,37,35,46,29,31,34,31,39,35,22,34,9,13,10,23,12,24,22,31,22,35,28,33,27,26,21,16,16,20,21,20,26,18,31,8,7,29,24,9,14,7,12,35,26,17,26,24,21,12,10,5,15,10,10,14,7,28,9,4,20,24,9,25,8,19,9,14,16,10,24,18,36,28,13,11,8,60,34,51,34,85,78,56,15,27,41,35,14,11,69,23,12,6,4,7,9,4,27,13,8,14,28,49,32,34,56,24,27,26,32,51,19,11,33,8,24,15,46,42,27,22,48,47,58,15,34,36,15,9,22,5,17,3,20,32,35,18,26,24,16,9,26,16,19,13,13,23,5,10,60,10,6,49,52,19,11,19,16,18,13,26,23,10,16,14,35,36,22,36,39,20,31,14,22,30,29,11,18,23,,17,15,16,10,24,59,49,42,63,69,47,11,39,8,30,3,12,3,48,22,24,14,21,5,2,2,11,22,12,16,2,9,14,6,14,24,19,7,42,35,24,6,18,18,22,8,40,28,29,2,17,22,17,6,13,29,60,41,41,26,36,28,69,39,35,20,18,28,24,13,28,19,24,28,32,11,18,19,23,21,18,58,38,13,58,30,41,4,18,3,13,15,52,25,18,6,34,6,20,23,28,54,15,41,6,16,12,37,5,16,22,13,30,64,16,10,6,9,11,74,16,11,14,15,4,12,5,37,2,5,8,4,9,36,12,3,9,19,20,49,127,11,3,15,14,5,14,5,14,15,16,19,8,4,14,21,3,7,3,3,6,7,3,12,16,10,20,59,8,14,4,8,11,3,11,13,27,9,21,24,19,31
20150501,0,NO2,53,35,29,54,50,31,36,16,32,29,56,25,58,25,12,30,35,47,47,29,68,57,14,25,35,36,51,57,39,19,21,16,26,40,31,48,47,29,22,34,17,53,31,18,31,15,33,64,46,14,59,47,35,37,27,14,26,8,12,25,10,32,39,10,33,48,35,32,16,17,41,37,18,63,25,15,15,9,27,10,9,34,42,39,28,50,64,23,24,28,40,39,50,21,34,32,8,13,6,29,4,6,51,10,19,19,28,24,17,31,58,9,68,45,69,38,46,14,15,26,35,47,43,41,30,34,50,34,21,52,37,29,19,18,40,16,18,10,32,16,36,9,13,15,17,22,18,17,20,15,21,25,11,39,18,41,17,46,24,36,14,38,11,34,17,15,30,25,19,3,32,63,41,39,46,50,41,18,102,70,5,25,50,64,,46,31,29,33,23,14,22,10,26,3,10,18,17,14,23,12,5,7,15,52,64,53,49,31,11,12,45,9,13,16,18,21,10,26,25,16,24,18,21,49,21,9,64,50,24,14,7,17,14,14,18,23,26,17,44,16,30,23,17,12,12,55,42,53,44,28,49,22,21,24,25,17,64,40,43,39,23,16,15,15,33,14,14,28,27,21,32,12,13,3,15,13,20,10,21,6,23,28,11,29,11,19,11,29,40,15,32,17,4,46,22,59,7,21,48,12,50,10,4,55,4,20,10,9,6,46,12,56,2,10,9,16,21,41,4,2,10,19,12,16,12,13,9,26,14,30,8,17,11,43,11,18,15,10,16,20,20,26,10,16,10,32,10,27,9,22,11,35,13,36,7,36,7,13,17,28,24,13,9,51,12,19
20150501,0,NO2_24h,45,28,45,60,29,33,42,26,33,26,37,25,60,34,47,44,40,36,38,48,51,61,28,31,31,32,41,46,39,28,28,23,33,37,44,41,38,40,47,21,19,40,29,21,26,23,39,33,41,28,53,54,39,48,37,17,33,12,12,34,23,33,24,15,45,68,29,30,16,27,34,29,19,38,39,23,48,26,24,10,16,53,48,40,27,68,72,25,41,30,27,43,69,38,38,27,21,14,8,22,10,11,44,15,18,18,26,33,26,29,64,16,35,40,54,38,34,15,14,21,30,28,26,38,32,32,45,41,30,35,39,36,17,52,27,13,30,9,47,34,36,26,23,31,24,30,19,26,34,47,32,36,6,14,11,13,26,49,40,17,23,64,25,39,56,22,30,20,27,9,37,39,45,36,33,30,46,27,50,42,28,18,27,45,,34,27,33,31,25,35,24,14,40,19,15,18,26,16,41,13,9,5,24,33,39,33,46,27,15,18,29,20,11,18,9,18,20,15,15,14,26,17,31,48,18,8,50,43,26,17,20,24,18,18,32,13,29,23,26,16,25,22,26,22,19,20,27,47,40,50,31,21,24,19,27,24,45,31,37,20,27,12,21,16,31,21,23,27,32,29,33,12,29,3,15,18,12,14,15,13,29,14,29,34,25,59,33,27,36,23,29,21,7,34,26,35,12,4,27,12,23,7,8,29,12,15,9,11,12,23,19,28,2,13,19,10,12,27,7,3,19,21,10,19,11,20,8,12,39,20,19,16,16,66,21,45,14,12,8,18,16,22,10,6,14,17,7,24,7,15,19,30,21,14,7,12,11,19,12,21,31,23,19,35,14,33
20150501,0,O3,122,55,106,70,35,54,126,223,175,100,88,118,47,98,72,94,87,56,41,83,82,43,76,80,79,69,33,44,35,65,76,86,37,98,152,90,72,117,86,71,79,117,101,146,36,144,69,62,96,103,79,105,27,6,26,36,16,24,14,25,69,26,17,15,53,64,46,59,114,57,28,36,50,19,43,52,78,100,78,87,93,70,66,108,117,46,90,94,91,97,86,111,61,103,76,36,129,26,32,23,130,30,15,109,20,37,138,141,98,53,68,113,45,38,29,94,62,80,49,58,42,58,52,77,53,110,72,111,111,28,86,61,22,53,14,63,66,28,57,72,66,84,77,85,32,46,81,63,55,69,46,80,101,73,62,50,89,67,109,44,92,59,85,79,87,66,47,39,61,83,52,21,34,61,36,60,48,130,9,103,101,36,55,90,,36,99,90,58,48,107,85,90,129,49,76,90,78,73,113,86,109,83,101,33,60,31,21,52,76,87,36,101,76,79,36,64,69,54,61,48,72,94,99,47,34,44,28,84,54,95,41,72,58,85,69,54,40,125,21,29,72,89,48,47,48,48,66,72,67,82,79,114,99,97,111,132,114,100,85,63,121,122,86,31,24,41,78,15,49,55,31,11,60,27,47,53,35,36,15,75,43,12,85,63,109,98,97,82,11,61,56,104,54,13,62,52,80,12,37,15,16,29,80,46,105,42,65,87,94,15,114,22,72,49,83,92,85,24,97,79,63,51,133,143,84,65,79,54,79,71,90,74,91,64,48,73,91,71,73,75,73,111,8,39,58,62,40,59,16,34,65,59,84,31,66,42,83,66,34,112,88,93,88,52,77,63
20150501,0,O3_24h,227,252,200,241,98,159,226,252,230,188,214,221,152,140,155,154,146,160,76,165,175,248,150,171,141,208,195,235,193,163,171,173,60,233,238,166,126,206,216,175,232,198,178,181,96,210,189,287,215,127,196,230,138,187,105,75,162,106,75,249,183,139,87,70,138,190,94,102,143,158,82,84,104,69,115,144,156,175,152,139,157,209,251,213,214,216,263,189,156,198,182,217,128,118,240,130,139,93,66,112,161,67,178,189,70,55,211,206,133,136,154,133,124,138,148,154,187,105,158,99,56,97,135,184,106,190,251,175,164,152,226,205,97,134,84,93,132,44,142,154,121,147,115,160,68,79,157,143,146,164,115,164,124,129,107,96,102,203,189,103,115,135,133,150,87,152,110,121,111,103,212,188,99,177,197,192,125,113,208,207,137,95,141,161,,87,181,129,146,96,219,119,129,194,85,117,138,105,124,222,112,109,130,153,163,192,174,199,205,107,126,170,121,137,125,136,124,140,114,97,100,112,120,190,74,58,96,133,189,177,132,249,96,64,124,113,135,144,171,106,130,209,219,145,101,143,184,192,160,172,171,173,171,146,181,173,155,161,181,199,200,190,183,147,132,120,124,178,75,70,122,127,101,137,28,70,92,101,93,75,96,90,100,144,150,154,242,223,150,78,75,138,190,88,93,127,89,117,53,136,35,83,55,118,128,106,112,83,120,114,129,164,131,113,74,125,104,114,83,103,123,137,143,170,174,126,155,89,133,140,140,148,117,183,95,63,115,120,97,120,116,95,176,31,75,94,115,59,92,18,63,79,100,131,88,87,88,110,82,106,178,114,155,147,100,127,144
20150501,0,O3_8h,171,139,139,145,66,74,165,234,183,149,144,160,90,114,111,105,86,88,49,90,121,115,94,94,91,103,100,109,97,100,106,96,40,156,185,113,95,144,142,115,131,137,124,161,51,147,94,99,129,100,119,131,48,73,36,40,59,41,27,80,80,77,43,24,76,106,66,75,127,97,46,53,61,50,52,67,83,105,112,113,106,96,115,148,159,108,122,130,72,136,140,143,94,74,111,76,127,43,35,53,133,41,100,125,38,45,161,175,117,70,110,112,79,74,77,111,94,78,84,69,45,72,86,110,76,135,128,130,142,82,126,104,45,85,37,76,85,31,101,83,85,99,70,107,44,52,112,99,85,77,67,114,102,109,82,79,86,118,132,67,98,52,97,98,49,101,68,44,76,84,123,73,59,93,86,121,72,173,125,139,100,66,93,110,,52,128,103,83,74,186,104,108,170,58,88,98,71,87,153,90,85,87,115,87,114,91,57,95,84,95,83,102,106,86,62,84,101,81,73,60,76,78,112,41,37,65,61,124,62,95,28,74,52,94,59,83,76,130,46,63,106,131,73,60,81,128,115,107,109,118,125,132,118,131,129,132,120,127,135,137,140,157,107,62,44,63,104,28,56,74,48,46,59,23,48,57,71,52,36,71,59,52,94,96,129,131,121,113,37,66,80,140,71,45,87,72,93,29,83,22,57,40,106,94,102,80,76,94,98,65,114,83,92,50,94,99,96,57,97,96,72,77,128,157,91,74,77,105,57,109,80,77,127,72,44,74,98,85,103,104,86,148,16,54,57,95,43,78,17,49,65,69,108,66,72,72,92,57,67,142,92,117,87,67,99,70
20150501,0,O3_8h_24h,210,198,178,211,83,123,201,234,217,178,190,204,134,127,141,142,116,143,70,141,154,196,140,138,125,171,162,197,168,133,153,151,52,198,200,151,112,184,192,158,181,184,167,176,81,173,155,154,193,113,175,196,116,147,82,58,125,81,56,185,147,112,71,53,124,163,85,96,135,134,84,80,96,61,97,125,128,162,137,133,139,137,214,195,201,187,204,170,110,184,168,188,119,94,187,109,131,69,56,86,139,54,153,163,60,52,195,193,124,112,134,115,114,120,130,135,168,102,140,96,51,85,116,153,99,180,201,162,154,135,190,160,82,118,67,84,109,40,130,123,111,129,97,143,60,72,142,127,134,135,104,152,106,124,127,93,99,192,165,98,104,109,123,136,62,140,97,107,102,98,166,161,86,154,169,165,110,110,186,179,130,77,102,146,,79,165,122,128,85,203,111,126,178,81,126,125,101,119,197,108,89,148,141,140,179,155,162,188,104,118,158,110,129,114,151,127,119,124,101,104,101,110,164,61,49,87,108,165,93,117,149,81,56,115,86,124,118,158,92,112,146,196,118,92,121,168,172,146,160,151,163,162,140,164,162,142,131,164,177,176,173,172,137,102,87,105,155,56,62,101,94,89,113,24,58,71,91,73,65,90,81,89,134,131,143,183,172,137,65,69,129,157,84,81,115,83,109,42,115,24,74,48,113,124,103,100,80,104,106,103,116,114,101,61,109,101,110,79,100,114,129,131,161,160,127,148,85,126,125,137,148,113,180,105,62,98,133,104,126,112,91,157,27,78,89,107,55,85,18,59,72,87,118,81,83,81,100,77,91,169,101,138,117,92,116,123
20150501,0,CO,1.292,0.792,0.578,1.322,1.261,0.664,0.897,1.096,1.009,2.519,0.911,1.096,0.729,1.784,0.583,0.872,0.417,0.639,0.528,0.64,0.737,1.042,0.494,1.034,1.224,1.247,1.179,1.683,1.684,0.803,0.985,0.481,1.902,0.948,0.867,1.052,0.722,0.902,0.426,0.775,0.515,0.645,0.642,0.651,0.922,0.624,0.611,1.187,1.167,0.65,1.393,0.984,0.944,0.904,0.774,0.487,0.755,0.788,0.571,0.601,0.616,0.901,0.969,0.438,0.745,0.922,0.686,0.969,0.475,1.327,0.666,1.026,0.613,0.705,0.786,1.156,0.735,0.443,0.48,0.517,0.769,1.28,0.738,1.491,1.345,1.822,1.819,0.781,0.667,0.556,1.379,1.582,0.433,0.466,0.855,1.047,0.936,0.76,0.609,1.026,0.655,0.681,0.896,1.008,1.156,0.656,1.451,1.732,0.929,1.766,1.45,1.421,2.166,1.236,1.174,0.794,0.669,0.633,0.603,0.589,0.966,1.256,0.811,1.318,1.348,1.729,1.391,0.644,1.183,1.346,1.269,0.958,1.033,1.331,1.405,0.86,0.616,0.513,0.945,0.808,1.113,0.819,0.577,0.83,0.989,0.776,0.882,0.793,0.985,1.393,0.948,0.809,1.006,0.683,0.532,1.102,0.659,0.278,1.442,0.736,0.419,0.487,0.416,0.402,0.644,0.551,0.577,0.381,1.124,0.494,1.025,0.923,0.523,0.713,1.056,0.875,1.149,0.736,1.285,0.668,0.508,0.878,0.818,0.882,,0.352,0.715,1.205,0.702,1.214,0.777,1.562,1.678,1.363,2.718,0.388,0.646,0.452,0.366,0.517,0.453,0.427,0.667,1.047,0.83,1.218,1.083,1.046,0.861,0.598,0.172,0.849,0.734,0.475,0.554,0.519,0.401,0.643,0.43,0.706,0.424,0.724,0.757,0.551,0.886,0.441,0.168,0.842,0.854,0.257,0.59,0.432,0.481,1.009,0.791,0.857,1.269,0.937,0.925,0.8,1.185,0.947,0.673,1.122,0.596,1.059,1.439,0.755,0.778,0.685,1.267,0.893,0.681,0.894,0.617,0.666,1.331,1.01,1.717,1.007,1.702,1.384,1.081,1.027,1.087,0.825,0.737,0.748,1.565,0.402,1.418,1.582,0.478,0.568,0.338,1.016,1.323,0.801,1.924,0.937,0.896,0.67,0.792,0.374,0.637,0.543,0.801,0.41,0.738,0.83,0.872,0.98,0.806,0.253,0.775,1.013,0.578,0.367,0.652,1.793,0.629,0.968,0.264,0.98,1.147,0.43,1.353,0.546,0.498,0.022,0.769,0.479,0.579,0.614,0.465,3.13,0.324,0.265,2.611,2.898,0.261,1.004,2.988,1.623,2.882,0.891,0.36,0.854,0.79,0.509,0.644,1.989,0.728,0.432,0.415,0.427,0.66,0.457,,0.314,0.274,0.562,0.527,0.671,1.62,0.366,0.841,0.534,0.448,1.039,0.499,0.354,1.156,0.724,2.662,0.686,0.68,0.26,0.551,0.345,0.801,1.342,0.788,1.159,3.627,3.288,1.168
20150501,0,CO_24h,1.096,0.844,1.05,1.927,1.734,1.266,1.072,1.125,1.248,1.653,0.798,1.083,1.157,1.672,0.849,1.064,0.618,0.717,0.437,0.891,0.679,1.062,0.687,1.139,1.422,0.962,1.042,1.185,1.365,0.728,0.98,0.711,1.426,0.738,0.843,0.926,0.505,0.781,0.671,0.67,0.634,0.722,0.647,0.655,0.886,0.684,0.661,0.982,1.174,0.688,1.468,1.019,0.952,1.032,0.859,0.602,0.763,0.894,0.533,0.81,0.742,0.943,0.853,0.53,0.83,1.124,0.629,0.985,0.566,1.653,0.666,0.999,0.661,0.627,0.922,1.053,1.1,0.845,0.633,0.563,0.901,1.812,1.221,1.559,1.567,2.345,2.535,1.249,0.912,0.697,1.276,1.372,0.626,0.521,1.186,1.33,1.138,0.805,0.69,1.01,0.757,0.809,1.017,1.09,1.152,0.853,1.539,1.476,1.063,1.654,1.757,1.03,1.468,1.249,1.485,1.049,0.67,0.624,0.645,0.552,0.581,0.993,0.776,1.568,1.584,1.781,1.188,0.841,1.288,1.122,1.223,1.03,1.104,1.22,1.11,0.76,0.886,0.485,1.098,0.969,1.472,0.776,0.988,1.049,0.993,0.769,0.914,1.297,1.069,1.745,1.335,0.849,0.979,0.506,0.359,0.99,0.498,0.662,2.203,0.496,0.513,0.575,0.493,0.431,0.831,0.624,0.555,0.284,1.095,0.587,1.069,1.489,1.137,0.882,1.17,0.607,0.963,0.799,0.847,0.587,0.815,0.708,0.751,0.756,,0.375,0.728,1.324,0.901,1.821,0.877,1.416,1.654,1.081,3.046,0.561,0.469,0.331,0.388,0.692,0.379,0.439,0.627,1.486,1.085,1.37,0.943,1.247,0.916,0.63,0.353,0.809,0.871,0.462,0.645,0.334,0.41,0.642,0.247,0.395,0.315,0.776,0.648,0.662,0.86,0.802,0.147,0.779,0.566,0.302,0.707,0.57,0.63,1.054,0.9,1.51,1.142,1.03,0.984,0.689,1.074,0.851,0.778,1.386,0.787,1.001,1.107,0.713,0.971,0.812,1.221,0.984,0.889,1.026,0.634,1.156,1.392,0.882,1.223,1.1,1.334,1.33,0.985,1.138,0.928,0.966,0.927,1.036,1.392,0.543,1.316,1.572,0.479,1.111,0.337,0.967,1.257,0.812,2.056,0.849,1.012,0.71,0.72,0.492,0.821,0.573,1.485,0.699,0.817,0.742,0.761,0.989,0.883,0.254,0.75,1.095,0.498,0.361,0.516,2.05,0.572,0.584,0.307,0.994,0.806,0.554,1.262,0.531,0.592,0.144,0.577,0.427,0.522,0.596,0.546,3.324,0.32,0.213,1.908,2.909,0.229,1.027,3.249,1.582,2.744,0.752,0.583,0.867,0.542,0.943,0.607,2.335,0.628,0.635,0.588,0.555,1.356,0.451,0.27,0.252,0.316,0.574,0.403,0.669,1.586,0.589,0.723,0.535,0.382,0.96,0.475,0.711,1.185,0.924,1.485,0.614,0.426,0.386,0.539,0.321,0.807,1.507,0.922,1.281,2.237,3.744,1.287
20150501,1,AQI,224,125,103,207,136,110,175,167,135,248,120,147,109,135,114,63,59,84,67,58,76,136,72,55,64,168,142,135,122,116,97,54,122,130,113,105,125,96,72,82,62,86,65,109,79,89,81,99,149,50,108,93,58,30,29,20,28,21,30,36,53,34,46,54,58,82,52,56,71,183,60,82,66,93,50,42,166,292,55,56,63,133,93,141,133,81,122,136,41,83,85,89,60,39,87,60,73,20,22,80,78,23,43,120,28,34,109,155,79,86,113,121,94,55,79,105,105,43,84,60,71,78,78,87,94,115,160,96,88,125,116,106,72,96,81,37,40,24,78,81,42,61,70,57,125,72,55,141,104,207,98,243,72,69,115,66,80,82,70,58,49,53,47,43,34,46,76,63,37,42,126,65,55,103,67,99,168,122,125,111,49,119,122,69,,80,100,96,61,72,114,94,94,156,53,62,124,56,75,122,54,150,67,81,82,97,100,84,94,62,55,74,53,59,43,35,40,55,53,59,35,62,74,66,88,64,54,146,72,42,69,62,37,64,71,59,83,49,110,130,66,92,68,66,100,70,127,121,70,96,114,106,83,87,115,100,87,85,100,111,119,93,94,83,124,43,60,58,85,50,122,63,93,29,25,40,29,45,46,76,35,35,38,45,94,139,64,62,64,81,82,56,116,41,45,41,81,45,76,72,39,60,25,55,103,54,57,48,46,59,69,61,69,44,38,50,49,51,132,50,46,38,265,82,96,82,39,57,75,35,55,66,62,66,56,24,105,59,91,66,127,100,88,96,53,32,65,63,53,81,308,500,500,83,60,36,71,45,500,42,92,89,66,61,109,84,74
20150501,1,PM2.5,173,94,76,156,103,82,132,96,102,197,81,112,61,102,56,41,41,42,33,40,51,103,52,32,39,127,108,102,92,87,72,25,92,98,70,78,94,71,50,60,39,63,46,81,36,49,59,60,114,12,80,64,40,17,18,11,17,14,14,22,34,23,21,10,36,60,29,26,23,65,36,41,30,36,35,29,90,89,35,35,44,101,69,107,101,59,92,103,23,50,62,66,33,17,57,42,51,8,13,58,51,10,17,90,19,17,81,105,55,63,80,91,63,27,47,78,66,21,50,38,51,57,57,56,70,86,121,71,65,94,87,79,52,71,59,20,14,9,57,52,18,40,48,25,94,52,28,84,69,104,58,73,19,18,50,21,30,55,46,27,14,36,21,23,16,25,33,44,12,11,95,46,38,76,48,74,127,92,94,83,19,89,92,49,,58,66,71,43,48,34,63,70,118,36,25,93,21,43,92,25,61,23,56,54,72,75,58,70,21,32,36,20,31,18,10,21,36,30,41,8,43,53,40,65,44,37,111,45,29,46,38,19,45,51,41,61,30,82,73,47,66,38,47,75,50,96,91,44,70,85,79,61,44,86,75,64,62,75,83,89,69,70,53,93,24,42,28,62,35,92,44,69,14,17,21,11,31,21,55,14,20,19,6,63,106,34,43,34,59,60,34,87,25,31,26,59,23,52,52,18,42,9,38,72,11,37,20,17,41,35,41,32,8,8,12,6,,66,27,4,9,71,60,59,48,22,27,35,23,38,28,29,30,29,13,78,41,67,47,76,44,51,71,26,22,25,33,20,30,70,250,207,23,36,11,26,21,106,29,59,66,47,43,81,36,53
20150501,1,PM2.5_24h,120,111,108,150,73,81,117,80,92,137,89,106,94,77,46,50,34,45,38,71,31,75,59,65,43,51,70,50,36,54,55,49,42,61,55,70,56,44,60,64,43,58,58,69,41,64,58,40,110,35,95,59,74,41,25,15,31,22,17,39,30,45,25,14,42,87,27,26,23,56,59,40,70,31,66,62,74,53,34,42,49,155,78,126,125,163,123,87,45,55,69,78,53,30,93,42,58,14,16,52,33,15,51,63,24,23,84,67,46,47,82,61,41,29,44,62,46,26,52,44,32,33,49,79,71,62,126,92,87,75,70,76,68,73,51,16,41,8,71,71,34,41,111,76,77,49,33,55,61,63,69,55,72,26,101,22,43,91,68,33,35,46,37,31,31,40,34,32,25,24,73,61,68,87,63,25,76,39,50,49,65,47,55,45,,51,65,72,53,54,61,50,57,98,39,121,61,36,93,67,42,78,113,68,54,63,55,56,72,29,55,45,31,40,32,19,31,43,18,29,10,42,36,50,52,51,35,59,44,46,49,56,39,45,53,39,40,37,59,57,66,63,52,70,71,87,81,73,62,88,80,87,78,57,97,84,61,65,72,57,57,58,62,62,76,37,67,53,53,51,85,74,69,38,16,18,23,28,43,50,25,37,25,25,69,84,105,84,41,59,43,38,77,16,34,28,53,27,35,41,14,30,6,38,42,13,43,15,15,41,18,43,33,18,13,22,15,12,47,40,5,51,65,52,59,62,57,106,50,108,32,62,59,65,43,30,72,30,51,37,49,39,44,150,102,91,33,28,13,18,109,265,228,23,16,9,17,13,188,15,57,59,45,55,40,28,60
20150501,1,PM10,205,117,124,205,162,142,186,164,172,266,187,170,166,208,175,74,66,116,81,32,99,,67,58,76,182,152,177,146,134,99,55,158,145,107,124,137,106,63,90,51,94,65,95,106,62,83,146,206,23,159,134,49,29,28,13,27,20,29,35,54,25,45,18,64,99,51,60,46,313,68,112,80,133,41,36,279,413,54,46,57,140,111,193,161,110,185,191,40,114,103,107,68,29,122,61,75,18,21,85,66,22,42,65,9,33,130,257,105,88,174,150,135,57,106,104,157,42,115,67,78,92,93,121,112,128,225,121,112,145,139,133,72,107,99,36,24,23,62,110,41,69,87,61,136,69,36,230,155,354,143,379,92,85,177,79,108,111,71,64,,32,,34,27,39,99,70,16,20,121,65,57,101,63,145,168,123,131,127,24,135,136,81,,97,149,122,56,92,96,135,105,248,54,72,158,60,97,170,55,249,81,109,112,113,118,116,108,71,57,95,46,65,31,34,32,57,53,38,34,72,76,80,122,75,52,145,91,39,85,71,27,67,62,53,88,48,160,207,76,131,84,60,118,64,165,138,88,140,143,134,113,122,127,126,101,96,132,161,143,95,118,114,137,42,45,63,70,44,136,68,99,26,24,39,21,43,45,90,21,34,37,40,136,155,51,63,76,87,87,59,115,40,44,40,80,44,99,71,38,63,24,50,154,28,62,47,39,,86,48,86,,37,49,27,50,211,36,8,37,394,101,105,76,38,62,98,34,46,79,72,30,60,23,135,58,117,73,201,147,123,57,53,31,77,74,53,110,425,1072,852,114,67,15,89,37,690,40,132,102,48,68,130,116,89
20150501,1,PM10_24h,157,136,176,197,122,156,172,186,165,197,166,170,190,172,184,95,65,105,101,101,66,96,87,110,86,86,104,97,94,83,87,79,80,92,86,111,76,79,82,80,63,85,83,90,86,92,94,96,195,67,173,143,119,61,54,35,52,33,31,57,53,68,50,31,79,156,45,57,40,154,140,103,293,124,118,98,180,154,58,63,75,203,158,205,177,213,239,162,74,118,114,140,97,51,162,64,78,30,25,72,55,31,87,63,43,40,131,186,102,80,194,126,90,66,103,88,104,88,125,99,51,57,92,145,124,118,215,156,165,136,126,130,107,114,75,37,68,19,113,113,61,66,156,133,132,82,44,118,128,140,153,145,219,45,518,69,154,177,103,74,54,79,71,55,59,72,94,50,42,44,104,83,98,130,93,66,106,61,77,80,93,95,88,72,,94,119,118,93,104,133,130,86,174,95,341,187,77,294,163,102,219,263,141,110,105,93,110,122,94,134,90,92,103,82,53,69,122,66,84,38,78,73,86,99,75,49,84,75,75,78,91,50,60,69,80,69,66,79,123,113,118,122,105,108,143,129,113,106,153,137,122,136,146,134,145,91,105,115,120,97,83,110,107,106,67,93,132,72,62,141,127,104,77,30,38,48,46,89,118,41,60,43,66,162,112,164,122,90,94,85,68,122,34,56,47,71,45,82,80,34,41,19,51,86,27,60,28,36,38,55,54,59,25,32,36,23,60,128,34,16,82,146,92,101,252,104,336,169,277,54,171,149,105,98,57,137,51,82,79,93,101,95,349,328,290,91,93,60,71,306,1285,728,76,30,27,82,81,583,30,109,94,57,70,91,110,112
20150501,1,SO2,22,13,34,32,20,18,33,44,36,44,34,26,30,34,11,22,8,9,11,8,23,14,13,19,21,42,21,41,50,19,16,5,18,17,16,12,16,21,11,6,4,46,30,6,15,3,10,28,26,11,15,25,22,9,7,4,10,7,9,9,6,13,8,2,11,8,9,24,6,14,4,8,11,14,11,16,9,3,9,7,6,39,17,33,30,50,65,33,21,16,31,52,13,4,51,16,6,4,4,5,8,2,17,22,5,15,29,28,20,27,28,19,23,25,33,91,12,11,10,8,19,33,30,27,16,21,37,33,45,9,22,39,11,8,21,5,10,2,10,20,11,5,10,7,15,4,11,11,10,7,6,16,4,6,76,5,3,24,52,27,4,8,8,12,7,15,9,5,13,7,12,18,12,29,23,23,39,21,20,30,12,14,27,19,,26,24,19,4,11,33,45,46,51,65,16,15,36,5,16,5,4,2,48,16,14,16,17,5,1,2,9,13,9,8,3,7,9,12,8,25,16,9,18,52,27,4,27,22,47,6,51,16,45,2,11,33,5,4,15,16,55,29,10,13,25,55,137,26,37,21,12,26,15,17,22,18,23,45,48,18,17,15,70,6,13,55,23,8,15,23,29,1,29,1,7,23,46,17,13,4,23,5,10,11,16,6,2,38,5,12,10,16,5,11,13,8,28,133,18,9,9,3,9,80,14,5,10,6,2,12,6,9,3,2,7,6,10,30,10,3,5,10,17,34,368,6,2,26,2,2,4,3,13,4,8,10,4,6,13,20,2,3,6,5,2,4,3,13,16,10,14,96,3,15,3,4,4,3,11,7,22,4,12,37,21,12
20150501,1,SO2_24h,13,17,47,53,26,36,35,46,30,32,35,31,38,36,22,35,9,12,10,22,13,24,22,30,22,36,28,34,29,26,21,16,16,20,21,20,26,19,30,8,7,30,24,9,15,7,12,35,26,17,26,24,21,12,10,5,15,10,11,14,7,27,9,3,19,23,9,25,8,19,9,14,16,11,24,18,35,27,13,11,8,60,34,52,34,86,75,57,16,27,41,36,14,11,71,23,11,6,4,7,9,4,27,13,8,15,27,48,31,34,55,23,26,25,32,54,19,11,32,8,24,16,46,42,27,22,47,47,57,15,33,36,15,9,22,5,17,3,20,31,34,17,24,24,16,9,26,16,19,12,13,23,5,10,60,10,5,48,53,19,11,18,15,14,13,26,23,10,16,14,34,35,22,35,39,20,32,15,23,30,28,11,19,23,,18,15,16,10,23,58,49,41,64,70,43,12,40,8,30,3,12,3,48,22,24,14,21,5,2,2,11,22,11,15,2,9,13,6,14,24,19,7,38,37,25,6,19,17,23,8,27,28,30,2,17,23,15,6,13,29,60,42,39,26,36,29,70,39,36,20,18,27,24,13,26,19,24,29,33,11,18,19,25,21,18,58,38,13,45,30,40,4,19,3,12,15,50,25,18,6,29,6,19,22,28,49,15,41,6,16,12,36,5,16,22,13,30,69,16,10,6,9,11,74,16,11,14,15,4,12,6,36,2,5,8,4,9,36,12,3,9,19,20,49,137,11,3,16,13,5,13,5,14,15,15,19,7,4,14,21,3,7,3,3,6,7,3,12,16,10,20,60,8,14,4,8,11,3,11,13,27,9,21,24,19,31
20150501,1,NO2,51,33,28,53,45,30,37,15,38,28,54,22,52,25,13,28,33,49,45,25,75,48,9,17,41,31,54,59,34,19,19,11,25,36,32,54,47,23,29,34,18,57,30,16,30,12,27,48,45,13,50,45,35,32,24,12,22,7,13,41,9,29,41,8,35,51,37,26,15,14,36,38,20,81,29,18,9,4,33,7,7,31,40,38,23,59,48,17,27,17,43,45,50,29,33,29,6,13,5,27,4,5,42,10,30,21,28,18,15,23,78,7,58,53,65,35,48,13,15,20,30,36,40,46,26,36,44,34,26,29,36,33,19,15,33,17,17,8,23,18,33,6,11,13,18,27,14,14,6,15,18,17,10,18,17,35,16,46,25,35,15,34,12,29,11,13,22,12,14,3,27,57,42,38,37,57,47,14,68,49,5,23,44,36,,36,55,34,28,22,13,19,12,33,6,12,14,15,13,18,9,5,8,14,41,37,50,45,26,11,14,27,13,14,23,13,23,12,19,20,14,27,16,17,54,18,12,76,46,34,10,7,18,12,14,18,20,27,16,35,19,36,20,23,8,14,48,41,45,35,60,41,22,19,22,23,15,63,42,40,42,29,13,19,17,31,22,14,22,30,22,26,6,12,3,14,12,16,9,7,8,27,26,5,28,10,18,13,23,38,18,26,13,4,38,14,54,8,20,42,9,42,6,3,51,4,18,11,15,12,44,15,42,2,10,8,23,16,35,2,2,5,9,9,21,11,12,9,19,17,26,13,5,12,42,13,56,9,10,29,17,16,25,11,19,8,18,6,26,10,20,15,21,13,28,4,33,10,4,15,27,33,12,8,59,12,19
20150501,1,NO2_24h,45,27,45,60,30,33,42,25,33,26,37,25,60,33,44,44,39,36,39,47,51,59,26,30,32,31,41,46,39,27,27,22,33,37,44,42,39,38,45,22,19,42,29,20,26,23,37,34,40,27,53,53,38,47,37,17,33,12,12,34,23,33,25,14,42,65,29,29,16,26,33,29,19,43,38,22,45,24,25,10,14,51,48,40,26,68,70,25,44,29,27,42,67,38,38,27,20,13,8,22,10,11,44,14,19,18,26,31,26,28,62,15,36,41,54,37,34,15,14,21,29,28,27,39,31,32,45,40,30,35,39,34,17,53,28,13,29,10,44,32,36,24,22,29,22,29,18,25,32,43,30,35,7,14,11,14,24,47,38,18,21,63,25,29,55,20,29,20,26,9,36,39,46,36,34,31,45,26,51,41,26,18,28,46,,35,28,33,31,25,34,23,14,39,18,14,17,26,15,39,13,9,5,23,32,39,33,46,27,15,18,29,19,10,17,10,18,20,15,15,15,26,17,30,48,18,8,50,43,27,17,9,24,17,18,32,13,29,23,26,16,26,21,25,21,19,21,26,47,39,51,31,21,24,19,25,24,46,31,37,21,27,12,21,16,30,20,22,27,35,29,32,12,27,3,15,17,12,13,14,12,29,15,28,33,24,56,31,26,34,23,28,20,7,33,26,35,12,5,28,11,25,7,8,29,12,15,9,12,12,24,19,28,2,13,18,10,13,28,7,3,19,19,11,19,11,20,8,12,39,20,18,16,16,66,21,44,14,12,9,18,16,22,9,6,14,17,7,23,7,15,18,28,20,15,7,12,8,19,13,21,30,22,18,36,14,32
20150501,1,O3,107,48,91,60,37,57,108,220,136,83,72,105,46,92,64,95,79,50,44,81,52,50,87,92,73,56,24,37,37,62,75,97,34,89,143,72,61,94,68,65,64,100,111,140,37,150,60,67,66,99,87,100,25,10,31,36,15,25,12,11,75,32,11,15,49,52,47,65,110,60,29,30,44,12,37,43,82,110,67,81,98,59,59,101,127,35,94,57,93,68,58,81,56,98,62,33,127,25,30,18,122,34,10,104,9,33,127,129,88,59,49,116,57,32,30,91,50,74,40,61,44,71,36,63,54,102,75,109,96,36,76,53,22,53,11,64,64,33,62,63,66,108,69,88,28,39,82,66,62,64,44,68,99,90,49,49,84,69,109,42,88,62,77,62,108,68,55,67,66,89,54,19,29,45,46,35,38,134,52,113,101,36,58,102,,35,67,82,63,47,109,84,83,112,48,67,114,80,79,112,92,119,72,98,50,91,25,20,52,67,83,51,93,70,79,33,66,64,64,63,51,74,88,115,38,34,41,27,83,54,100,27,74,48,82,62,54,31,120,24,25,54,96,38,46,51,53,66,70,75,78,84,108,96,88,111,131,106,99,66,57,111,116,73,24,22,31,68,13,43,47,33,11,58,27,49,53,30,39,32,71,35,9,89,62,99,91,93,85,12,56,56,99,52,12,64,53,78,13,30,17,17,29,82,45,108,40,62,78,78,10,110,27,66,49,79,81,87,31,103,69,60,71,151,126,86,64,80,48,80,69,88,95,87,62,46,30,106,70,61,72,76,105,6,30,61,79,46,58,17,35,69,77,84,17,68,37,65,76,35,111,78,91,83,45,74,58
20150501,1,O3_24h,227,252,200,241,98,159,226,252,230,188,214,221,152,140,155,154,146,160,76,165,175,248,150,171,141,208,195,235,193,163,171,173,60,233,238,166,126,206,216,175,232,198,178,181,96,210,189,287,215,127,196,230,138,187,105,75,162,106,75,249,183,139,87,70,138,190,94,102,143,158,82,84,104,74,115,144,156,175,152,139,157,209,251,213,214,216,263,189,146,198,182,217,128,118,240,130,139,93,66,112,161,67,178,189,70,55,211,206,133,136,154,134,124,138,148,154,187,105,158,99,56,97,135,184,106,190,251,175,164,152,226,205,97,134,84,93,132,44,142,154,121,147,115,160,68,79,157,143,146,164,115,164,124,129,106,96,102,203,189,103,115,135,133,137,108,152,110,121,111,103,212,188,99,177,197,192,125,113,208,207,137,95,141,161,,87,181,129,146,96,219,119,124,194,85,105,138,105,124,222,112,119,128,153,163,192,174,199,205,107,126,170,121,137,125,132,118,139,114,97,100,112,120,190,74,58,96,133,189,177,132,427,96,63,124,113,135,157,171,106,130,209,219,145,101,143,184,192,160,172,171,173,171,146,181,173,155,161,181,199,200,190,183,147,132,120,124,178,75,70,122,127,101,137,28,70,92,101,93,75,96,90,100,143,150,154,242,223,150,78,75,134,190,88,93,127,89,117,53,136,35,83,53,118,128,108,112,83,120,114,129,164,131,113,74,125,104,114,83,104,123,137,143,172,174,126,155,89,133,137,140,146,113,183,92,63,115,120,97,120,116,95,176,31,69,94,115,59,92,18,63,80,100,131,88,87,88,110,82,106,178,114,155,147,100,127,144
20150501,1,O3_8h,156,116,130,124,60,68,151,231,172,136,129,147,78,110,101,99,83,76,46,85,107,94,88,91,85,86,80,86,77,91,95,93,38,139,173,104,88,133,125,105,113,127,116,158,45,145,80,88,112,98,110,117,37,52,31,38,45,35,21,56,71,66,38,19,68,92,61,71,124,87,42,48,57,46,47,58,81,102,104,106,102,88,97,133,149,91,108,114,69,121,126,128,88,76,99,66,126,38,32,47,132,39,81,119,30,42,153,168,111,63,97,114,73,63,63,105,83,75,72,65,45,69,74,99,70,126,112,124,134,68,113,91,40,79,29,73,79,30,92,75,79,95,66,100,41,48,104,92,76,70,59,102,101,106,77,74,84,103,122,60,96,49,93,84,56,91,62,41,72,82,105,54,51,80,71,101,62,167,105,130,96,59,91,105,,47,115,98,76,68,174,101,105,162,54,85,97,70,85,142,88,90,84,111,77,102,73,41,78,80,90,70,102,99,84,56,79,95,76,69,54,73,77,107,39,36,60,51,113,59,95,14,73,52,89,54,74,66,126,36,51,94,117,61,54,73,113,100,97,99,109,115,125,112,123,124,130,120,118,121,120,132,149,98,54,39,55,96,24,51,67,44,36,57,25,48,56,61,48,31,68,53,43,88,86,124,115,113,105,31,64,74,133,67,35,81,68,89,26,70,20,49,38,103,84,103,71,73,91,94,51,112,72,86,49,88,97,93,52,98,90,65,73,128,154,90,67,77,94,59,100,81,78,117,69,44,67,97,82,96,100,84,141,15,50,59,90,42,74,17,45,65,67,103,57,70,66,88,57,59,134,90,110,85,62,93,64
20150501,1,O3_8h_24h,210,198,177,211,83,119,201,234,217,178,190,204,134,127,141,142,116,143,69,141,154,196,140,138,125,171,162,197,168,133,153,151,52,198,200,151,112,184,192,158,181,184,167,176,81,173,155,154,193,113,175,196,116,147,82,58,125,81,56,185,147,112,71,53,121,163,85,96,135,134,76,75,91,67,97,125,128,160,137,133,139,137,214,195,201,187,204,170,106,184,168,188,120,96,187,109,131,69,56,86,139,54,153,163,60,52,195,193,124,112,134,119,114,120,130,135,168,101,140,95,51,85,116,153,99,180,201,162,154,135,190,159,82,118,66,84,109,40,128,123,111,129,97,142,60,70,142,127,134,135,104,152,106,124,116,92,99,192,165,98,104,109,123,125,58,140,97,107,102,98,166,161,86,154,169,165,110,108,186,179,130,77,105,146,,79,165,122,128,85,203,111,124,178,81,122,124,99,117,197,106,90,145,141,140,179,155,162,188,104,117,158,110,129,114,150,124,119,119,98,101,101,110,164,61,49,86,108,165,93,117,253,81,56,115,86,124,122,158,92,112,146,196,118,92,121,168,172,146,156,151,163,162,140,164,162,142,137,164,177,176,173,172,137,102,87,105,155,56,63,101,94,89,108,25,58,70,91,73,65,90,78,89,131,131,143,183,172,137,65,69,129,155,84,81,115,83,106,42,115,24,74,48,113,124,103,100,80,104,106,103,116,114,101,61,109,101,110,79,100,114,129,131,161,160,123,145,82,126,125,137,147,113,180,102,56,94,125,98,120,112,91,157,26,75,89,107,55,85,18,59,72,87,118,81,83,81,100,77,91,169,101,138,117,92,116,123
20150501,1,CO,1.283,0.847,0.62,1.37,1.158,0.648,0.869,1.064,1.062,2.678,0.832,1.028,0.783,1.774,0.555,0.914,0.378,0.616,0.451,0.63,0.914,0.811,0.433,0.68,1.245,1.364,1.17,1.677,1.787,0.614,0.972,0.427,1.925,0.941,0.856,0.995,0.676,0.853,0.505,0.778,0.51,0.668,0.585,0.6,1.038,0.625,0.562,1.101,1.032,0.727,1.353,0.997,0.789,0.824,0.815,0.487,0.704,0.772,0.622,0.667,0.628,0.84,1.025,5.265,0.764,0.934,0.698,0.91,0.371,1.252,0.614,0.884,0.595,0.884,0.813,1.098,0.714,0.404,0.469,0.463,0.729,1.017,0.774,1.59,1.278,1.88,2.31,0.636,0.606,0.374,0.917,1.372,0.429,0.375,0.866,1.036,0.881,0.748,0.586,1.005,0.634,0.637,0.796,1.006,1.173,0.662,1.472,1.532,0.984,1.503,1.393,1.015,1.795,1.302,1.443,0.764,0.667,0.48,0.622,0.491,0.665,1.432,0.65,1.38,1.6,1.88,1.438,0.664,1.19,1.187,1.269,0.906,0.937,1.342,1.388,0.838,0.616,0.5,0.897,0.767,1.105,0.466,0.474,0.846,0.975,0.788,0.833,0.736,0.706,1.342,0.924,0.439,0.998,0.39,0.726,1.038,0.663,0.219,1.523,0.898,0.433,0.452,0.402,0.369,0.604,0.534,0.528,0.286,1.081,0.479,0.857,0.881,0.55,0.822,1.004,1.019,1.158,0.713,0.893,0.633,0.499,0.871,0.862,0.692,,0.255,0.726,1.199,0.728,2.493,0.746,1.495,1.661,1.157,2.717,0.423,0.871,0.426,0.325,0.451,0.658,0.609,0.646,1.064,0.729,0.898,1.044,1.1,0.839,0.513,0.223,0.742,0.744,0.581,0.509,0.142,0.374,0.589,0.356,0.656,0.344,0.707,0.697,0.509,0.77,0.492,0.169,0.892,0.879,0.276,0.609,0.361,0.564,1.028,0.783,0.911,1.299,1.048,0.928,0.634,1.226,1.278,0.673,1.173,0.645,1.085,1.359,0.528,0.776,0.591,1.224,0.866,0.705,0.884,0.545,0.787,1.344,0.84,1.496,1.063,1.937,1.384,1.065,1.051,1.018,0.81,0.86,0.779,1.547,0.447,1.445,1.42,0.407,0.346,0.335,1.018,1.113,0.785,1.915,0.725,0.879,0.716,0.755,0.346,0.61,0.416,0.794,0.418,0.717,0.862,0.835,0.909,0.505,0.301,0.854,0.935,0.501,0.364,0.581,1.504,0.536,0.941,0.422,0.966,1.127,0.413,1.298,0.563,0.501,0.121,0.769,0.536,0.484,0.619,0.467,3.079,0.352,0.247,2.168,2.895,0.273,0.817,2.827,1.59,2.825,0.857,0.434,0.865,0.488,0.563,0.508,2,0.589,0.504,0.437,0.374,1.056,0.229,0.469,0.245,0.291,0.554,0.425,0.835,1.634,0.344,0.685,0.423,0.507,1.144,0.502,0.204,1.138,0.681,1.658,0.649,0.544,0.576,0.436,0.339,0.768,1.242,0.771,1.126,2.674,3.292,1.104
20150501,1,CO_24h,1.106,0.846,1.038,1.932,1.735,1.249,1.069,1.127,1.23,1.709,0.805,1.085,1.141,1.674,0.828,1.075,0.609,0.716,0.442,0.886,0.684,1.048,0.683,1.075,1.427,0.976,1.049,1.198,1.377,0.725,0.986,0.704,1.453,0.749,0.849,0.932,0.517,0.788,0.666,0.672,0.631,0.723,0.648,0.653,0.901,0.683,0.659,0.991,1.16,0.691,1.467,0.996,0.942,1.021,0.858,0.598,0.765,0.886,0.537,0.801,0.74,0.938,0.862,0.726,0.808,1.097,0.635,0.987,0.563,1.639,0.662,0.996,0.663,0.675,0.919,1.048,1.072,0.824,0.633,0.563,0.882,1.777,1.212,1.576,1.554,2.328,2.502,1.245,0.886,0.691,1.266,1.371,0.601,0.519,1.192,1.314,1.106,0.805,0.686,1.013,0.756,0.806,1.017,1.077,1.156,0.844,1.538,1.474,1.061,1.64,1.729,1.026,1.461,1.249,1.474,1.039,0.669,0.626,0.642,0.548,0.593,1.016,0.774,1.554,1.568,1.794,1.189,0.834,1.287,1.125,1.222,1.021,1.098,1.23,1.13,0.766,0.874,0.486,1.076,0.95,1.45,0.769,0.948,1.033,0.98,0.766,0.911,1.276,1.054,1.717,1.315,0.835,0.985,0.508,0.378,0.994,0.473,0.65,2.133,0.518,0.493,0.568,0.483,0.433,0.814,0.612,0.56,0.287,1.096,0.583,1.062,1.459,1.147,0.882,1.164,0.623,0.972,0.783,0.855,0.582,0.806,0.718,0.761,0.756,,0.372,0.725,1.295,0.891,1.868,0.872,1.418,1.657,1.093,3.038,0.545,0.495,0.323,0.387,0.688,0.393,0.444,0.628,1.49,1.091,1.39,0.943,1.244,0.916,0.631,0.343,0.804,0.845,0.45,0.611,0.323,0.404,0.626,0.247,0.42,0.32,0.781,0.659,0.652,0.857,0.775,0.148,0.789,0.576,0.303,0.703,0.527,0.628,1.054,0.888,1.494,1.149,1.13,0.985,0.685,1.084,0.865,0.773,1.368,0.771,1,1.11,0.71,0.968,0.799,1.223,0.982,0.876,1.02,0.626,1.109,1.403,0.889,1.242,1.103,1.359,1.326,0.988,1.139,0.934,0.926,0.906,1.02,1.397,0.557,1.323,1.568,0.481,1.066,0.337,0.97,1.198,0.808,2.049,0.851,1.005,0.7,0.718,0.485,0.807,0.557,1.427,0.675,0.8,0.74,0.764,0.99,0.852,0.254,0.748,1.091,0.489,0.363,0.53,2.042,0.569,0.603,0.309,0.993,0.809,0.55,1.262,0.529,0.588,0.141,0.591,0.436,0.522,0.597,0.544,3.313,0.321,0.217,1.827,2.911,0.233,1.018,3.232,1.589,2.756,0.755,0.578,0.873,0.549,0.925,0.605,2.317,0.625,0.631,0.589,0.554,1.329,0.444,0.284,0.252,0.313,0.571,0.406,0.674,1.587,0.573,0.729,0.531,0.381,0.968,0.465,0.686,1.135,0.909,1.498,0.616,0.426,0.36,0.534,0.323,0.806,1.489,0.922,1.273,2.247,3.757,1.267
20150501,2,AQI,230,117,103,174,117,115,195,163,138,253,124,144,108,139,109,65,63,81,63,60,87,103,60,56,66,170,139,137,131,93,87,46,105,127,102,105,124,85,75,91,56,87,75,95,77,90,77,118,150,49,103,91,54,23,31,21,26,19,21,39,60,33,56,17,58,89,53,50,67,147,60,83,67,94,49,49,160,133,56,50,61,141,99,147,136,90,137,144,42,84,87,88,53,39,87,55,73,20,22,81,76,24,36,113,22,26,99,147,77,80,114,117,91,57,83,88,107,42,86,63,69,81,80,90,93,119,153,88,111,115,122,97,57,110,83,39,37,21,77,75,45,46,50,63,124,75,50,115,133,280,87,395,64,53,72,64,84,75,69,56,47,47,45,44,36,41,61,53,35,42,87,65,59,96,74,128,146,110,127,110,48,119,139,75,,92,118,89,60,72,104,94,85,136,52,60,148,57,68,87,52,137,65,86,78,89,97,81,89,60,54,64,50,64,40,25,38,53,40,43,32,65,71,68,89,63,61,137,67,54,77,46,36,71,76,54,83,55,110,117,61,100,73,65,80,67,114,125,74,91,121,110,86,83,111,108,86,83,104,110,111,93,91,77,117,45,54,56,80,64,126,69,86,29,29,44,29,47,49,70,34,43,41,42,87,114,54,63,59,80,69,49,86,35,63,41,76,43,72,60,36,55,23,57,96,54,55,43,46,55,63,62,63,41,36,54,48,46,128,50,43,30,161,76,92,85,37,58,62,36,50,55,61,58,55,23,117,54,119,65,105,92,81,89,53,39,54,59,49,81,197,500,500,71,54,35,57,42,500,37,95,81,67,61,115,97,74
20150501,2,PM2.5,179,88,76,131,88,86,146,88,105,202,90,110,80,106,55,41,44,42,32,42,64,76,42,33,47,128,106,104,99,69,64,18,78,96,72,78,93,62,54,67,39,64,54,69,43,50,56,55,115,12,76,63,37,16,19,10,16,13,14,22,35,19,21,9,36,66,26,26,24,61,38,41,22,44,24,34,77,58,39,26,43,107,71,112,103,65,104,110,23,51,64,65,33,19,59,32,52,7,14,59,48,10,17,84,12,15,74,97,52,58,80,88,62,31,47,65,67,19,58,37,49,59,55,66,69,89,116,64,83,86,92,72,36,82,61,18,13,8,56,54,20,28,35,41,93,54,27,76,79,102,46,92,19,9,44,29,38,47,49,26,16,31,23,27,15,26,22,36,9,17,64,46,41,71,53,97,111,82,96,82,16,89,106,54,,68,72,66,42,49,36,65,62,103,35,26,113,22,39,64,23,62,22,63,57,66,72,57,66,22,32,38,20,30,18,9,19,33,28,30,9,42,51,35,65,44,43,104,48,33,44,32,20,51,55,37,61,34,82,67,40,75,38,46,58,48,85,94,49,66,91,82,63,45,83,80,63,61,77,82,83,69,67,55,88,25,37,27,58,45,95,49,63,15,16,19,11,27,23,49,13,18,23,7,51,85,35,44,31,58,49,29,63,24,44,27,55,22,45,42,17,38,6,39,54,8,33,20,15,38,30,42,28,6,12,10,4,,57,29,2,8,39,55,61,45,19,28,27,17,35,23,23,24,29,12,88,34,89,38,72,40,59,66,24,23,23,29,16,30,95,202,230,25,22,8,15,13,110,23,62,59,48,43,86,52,53
20150501,2,PM2.5_24h,123,111,107,151,75,81,118,81,93,142,88,105,95,78,47,49,34,45,38,70,32,75,59,63,44,55,71,53,39,54,56,48,44,63,56,70,58,45,59,62,43,58,58,69,42,62,58,41,108,33,94,59,71,40,25,15,30,21,17,38,31,45,24,13,40,86,28,25,23,57,59,40,69,32,63,59,75,55,33,42,48,150,78,126,123,158,122,88,44,55,67,77,51,29,92,42,57,14,16,53,34,15,50,64,23,23,84,68,47,48,82,63,41,28,44,62,47,26,53,43,33,34,50,80,71,63,126,89,86,75,71,76,67,74,52,16,39,8,70,70,33,40,106,74,76,49,33,56,62,64,67,57,71,25,103,22,41,89,65,32,33,45,36,32,30,39,34,32,24,23,73,60,68,86,63,29,78,42,52,50,62,50,58,45,,51,64,71,52,54,61,51,58,98,39,120,64,33,93,68,41,78,113,69,55,65,55,56,72,29,54,44,30,38,30,18,30,42,18,30,10,42,37,49,53,50,35,62,43,46,48,55,37,45,53,39,41,37,60,58,64,62,52,69,71,84,80,73,62,87,81,86,76,56,95,82,62,65,73,58,58,59,62,62,76,35,65,51,52,52,85,73,69,37,16,18,21,28,42,49,24,33,24,23,67,82,100,81,39,57,44,37,75,16,34,28,53,28,36,42,14,30,6,39,42,13,43,15,15,40,18,43,33,18,13,22,15,12,48,40,5,49,65,52,59,63,56,106,39,104,32,61,57,63,43,30,72,29,53,37,51,40,43,152,100,89,33,28,13,19,111,261,229,24,16,9,16,12,179,15,57,58,46,54,41,36,59
20150501,2,PM10,202,104,124,176,129,145,200,164,162,271,195,162,160,208,166,77,71,110,74,42,119,,49,60,75,203,149,175,142,109,91,37,153,137,109,122,139,88,74,96,51,93,69,91,101,64,82,127,201,23,149,130,46,22,30,20,25,16,20,38,68,32,60,16,63,107,54,49,44,241,67,113,82,135,48,44,267,214,59,34,56,160,145,216,154,128,202,202,33,115,118,114,53,33,122,57,76,19,21,82,70,23,35,55,21,25,113,242,102,89,176,145,129,61,114,94,162,41,120,73,71,91,92,127,110,135,235,123,120,117,144,121,61,95,101,38,21,20,67,90,44,45,46,73,137,87,34,178,214,405,122,495,76,47,92,76,115,97,73,59,19,46,26,43,29,36,70,47,19,20,81,65,54,87,68,141,149,100,126,128,27,131,155,91,,100,183,107,62,92,77,136,93,188,52,67,174,61,83,119,51,221,78,109,88,102,107,109,100,67,55,76,49,76,32,22,26,53,38,32,31,78,76,83,125,72,54,135,77,55,101,45,30,65,73,50,91,58,81,182,69,141,93,59,85,64,171,141,95,129,140,124,116,114,111,125,94,109,127,164,142,94,113,101,130,44,52,59,61,60,137,71,90,22,28,43,22,46,48,87,22,42,40,17,121,106,56,57,66,88,83,48,93,28,26,40,83,42,92,68,35,56,22,61,140,30,57,42,31,,74,,74,,35,56,21,37,203,37,5,17,270,98,100,99,36,63,71,35,47,57,69,20,57,18,155,55,112,78,158,132,88,68,54,38,56,65,48,110,342,856,767,90,56,12,62,40,670,36,138,91,58,66,146,142,86
20150501,2,PM10_24h,160,135,174,198,124,156,174,187,165,203,166,170,190,172,184,93,65,106,101,101,69,97,85,105,87,90,106,101,97,83,89,78,84,94,88,111,79,80,82,80,62,85,82,90,87,91,94,99,192,65,173,144,114,60,53,34,51,33,31,56,55,67,50,30,75,152,46,56,40,160,140,103,293,125,112,93,184,159,57,62,74,196,158,207,175,208,234,165,72,118,110,138,92,51,162,64,77,30,25,73,56,31,86,63,42,39,131,187,103,80,191,128,91,66,105,89,107,84,126,99,52,59,93,146,124,118,216,153,162,135,127,130,114,114,77,36,65,19,110,111,60,65,151,130,129,81,44,121,132,150,152,161,215,45,518,66,142,171,99,74,49,77,69,55,58,71,94,50,40,43,104,82,97,128,92,70,108,63,80,82,89,98,91,71,,95,121,117,91,104,132,130,88,176,93,336,191,74,294,164,101,224,263,141,111,107,92,110,122,94,132,90,89,99,79,48,68,120,64,85,37,78,74,85,101,74,49,88,73,76,78,90,48,61,69,80,70,65,77,126,111,118,122,102,107,139,130,113,106,152,138,123,134,145,133,140,92,105,117,123,100,84,109,107,107,63,89,130,72,67,139,125,104,75,30,38,43,45,88,118,40,57,42,64,157,110,157,118,88,92,85,67,118,34,54,47,71,45,83,80,33,42,19,51,87,27,59,29,37,38,57,54,60,25,32,35,24,59,135,35,16,79,155,92,102,251,101,332,137,273,53,169,147,105,98,56,135,51,85,78,97,105,90,364,322,288,90,93,59,74,314,1242,745,76,31,27,82,78,588,31,110,94,59,69,92,118,110
20150501,2,SO2,20,20,38,33,19,19,29,45,40,42,28,28,30,32,12,20,9,11,11,8,26,12,12,17,18,53,23,36,39,20,15,4,16,16,14,13,18,19,11,7,3,50,47,6,21,3,9,25,44,12,17,23,25,10,7,3,11,7,8,10,6,18,8,3,12,9,9,23,6,13,5,8,22,15,13,16,9,3,12,7,6,45,19,49,30,68,84,49,9,25,47,41,13,6,44,12,7,4,3,5,7,2,17,20,6,17,28,18,22,21,28,20,18,26,25,99,16,12,16,11,16,28,356,29,14,30,37,50,57,8,20,39,25,7,20,3,11,3,9,15,13,6,5,9,9,5,10,10,7,6,6,14,3,5,57,5,3,25,60,25,4,8,7,11,10,17,7,5,13,8,12,16,16,27,19,22,44,18,23,29,13,22,27,26,,20,18,13,3,12,28,51,43,49,63,14,15,31,4,12,11,2,3,28,18,12,14,16,5,18,2,9,14,9,13,3,8,11,10,7,25,19,6,22,53,29,4,28,24,34,7,54,17,39,2,12,31,5,5,18,15,81,29,9,11,21,50,172,33,21,20,14,70,15,18,45,25,28,52,33,25,20,18,33,15,16,49,16,7,45,22,30,1,25,2,10,18,52,25,15,6,19,10,9,9,15,19,2,32,4,12,10,14,4,11,14,8,30,52,17,8,7,3,8,106,14,5,9,7,2,12,7,8,3,7,6,6,10,24,9,2,6,9,17,58,387,6,3,15,2,2,4,3,12,5,9,6,3,7,15,21,3,3,6,3,2,5,3,14,16,10,14,127,2,14,2,5,2,3,11,8,21,7,12,30,21,14
20150501,2,SO2_24h,14,18,47,53,26,35,36,46,31,33,35,31,38,35,22,34,10,12,10,22,14,24,22,31,23,37,28,35,30,26,21,15,16,20,21,20,26,19,30,8,7,31,25,9,15,7,12,36,27,17,25,24,21,12,10,5,15,10,11,14,7,26,9,3,17,22,9,25,8,19,9,13,16,12,23,18,33,26,13,11,7,61,34,52,33,87,77,56,15,27,41,37,14,12,71,23,11,6,4,7,9,4,26,13,8,15,27,47,31,34,54,22,25,24,32,57,19,11,32,7,24,16,46,42,26,22,47,46,55,15,32,37,19,9,23,5,17,3,19,30,33,17,23,23,15,9,26,16,19,12,13,22,5,10,60,10,5,47,54,20,10,18,15,14,13,25,23,10,16,14,34,35,23,34,38,20,32,15,23,29,27,11,20,22,,19,16,16,10,23,57,49,41,63,71,37,12,41,8,30,3,12,3,48,22,24,14,21,5,3,2,11,21,11,14,3,9,13,6,15,25,19,7,37,37,25,6,19,17,23,8,28,29,30,2,17,23,14,6,14,28,62,42,36,26,35,30,71,39,35,20,17,28,24,14,27,20,24,31,33,11,18,19,26,21,17,57,36,13,56,29,40,4,19,3,12,15,47,25,18,6,26,6,19,21,28,47,14,40,6,16,12,36,5,16,22,13,29,71,16,10,6,9,11,74,16,11,14,15,4,12,6,35,2,5,8,4,9,36,12,3,9,18,20,50,147,11,3,16,12,5,13,5,14,14,15,17,6,4,14,21,3,7,3,3,6,7,3,13,16,9,19,61,7,14,4,8,11,3,11,13,27,10,20,24,18,30
20150501,2,NO2,52,33,30,59,42,28,38,14,30,33,57,24,54,26,13,30,34,45,44,23,79,39,9,21,47,36,59,58,33,22,18,9,23,35,34,52,49,22,29,34,16,54,32,16,31,13,32,28,42,13,47,40,34,29,22,12,17,6,9,48,9,33,38,7,31,40,31,28,13,12,41,38,22,82,30,19,9,4,42,11,7,36,47,28,23,60,70,28,20,31,44,31,50,28,33,23,7,12,6,17,4,5,39,12,34,21,25,8,16,21,79,7,40,49,64,30,49,12,15,18,30,35,36,53,25,34,39,34,26,33,25,26,20,7,35,19,18,5,12,20,32,7,9,14,11,25,12,14,4,14,15,14,13,13,15,15,11,28,24,28,17,31,18,33,10,13,14,10,14,3,27,53,51,42,39,55,56,10,33,47,4,32,46,48,,42,54,26,24,24,15,17,11,25,21,15,16,13,12,20,9,3,8,16,33,28,44,40,24,16,12,28,23,15,28,10,18,15,13,21,20,27,15,18,57,18,11,79,49,33,10,6,20,14,15,17,17,30,15,32,13,36,21,24,5,18,27,38,38,38,70,39,28,19,23,23,21,37,42,28,34,30,12,18,16,26,16,10,24,30,23,29,6,10,2,16,13,14,9,6,7,34,30,6,26,9,25,12,19,40,15,19,14,4,32,14,41,9,17,34,10,29,4,3,38,3,16,9,7,7,25,15,30,2,11,9,25,10,33,1,2,5,6,10,15,9,14,13,13,16,21,11,5,10,43,13,30,9,9,36,19,19,26,8,18,8,18,4,34,11,20,7,12,17,22,4,19,6,2,13,25,30,13,7,66,12,22
20150501,2,NO2_24h,46,27,43,60,31,32,42,25,33,27,37,25,60,32,40,43,38,37,39,45,52,58,24,30,33,30,42,45,39,26,26,21,33,37,43,43,39,37,43,22,18,43,29,20,27,23,36,34,39,26,52,51,37,45,36,16,32,12,12,34,22,33,26,14,40,61,29,29,15,26,33,29,19,44,38,21,42,23,26,10,12,47,47,38,25,68,68,25,43,29,27,41,64,38,37,27,19,13,8,22,10,11,44,13,19,18,26,29,26,28,61,15,36,41,54,36,34,15,14,21,29,28,27,39,30,32,45,39,30,34,38,32,18,53,29,13,27,9,41,31,35,23,22,27,21,28,18,25,29,41,29,32,7,14,11,15,22,45,37,19,19,61,22,29,53,19,28,20,25,8,35,40,46,35,34,32,45,24,50,41,24,19,29,47,,36,29,32,31,24,33,23,14,38,17,14,17,26,15,38,13,9,5,22,32,39,32,47,27,15,18,29,19,10,18,10,18,20,15,16,14,26,17,28,49,18,8,51,44,28,17,9,24,17,18,31,13,29,23,27,16,26,21,25,20,19,21,27,46,38,52,31,21,24,19,24,24,47,31,36,21,27,12,21,16,29,20,21,27,33,28,31,12,26,3,15,16,12,13,14,11,28,15,27,31,23,53,29,25,34,23,28,19,7,32,25,35,11,6,28,11,25,7,8,29,11,15,9,11,12,25,18,29,2,13,18,9,13,28,7,3,18,18,11,19,11,19,8,12,38,21,18,16,16,66,20,41,14,12,10,18,16,23,9,7,14,17,7,23,7,15,16,26,20,15,7,11,8,17,13,21,29,22,17,36,13,31
20150501,2,O3,90,40,73,44,36,47,94,217,135,57,68,101,40,85,59,92,67,56,44,81,29,58,86,78,58,36,15,33,41,55,71,98,32,80,133,61,58,79,56,55,55,97,109,132,46,151,58,233,95,98,85,103,23,9,35,34,16,26,15,5,74,28,9,15,52,56,55,60,103,59,20,25,39,12,33,38,80,108,73,66,96,57,89,88,117,27,72,65,96,81,65,78,55,85,54,49,118,27,28,27,120,35,6,83,8,32,116,111,79,55,32,116,69,27,22,89,40,74,36,67,44,71,42,46,54,100,78,107,89,26,91,54,27,67,8,53,62,42,74,54,66,99,64,84,29,39,85,66,57,57,41,71,94,96,47,75,88,86,94,45,84,60,66,50,112,62,65,65,65,90,48,16,19,47,36,30,29,110,129,113,102,24,45,87,,22,48,79,44,47,102,82,81,108,32,65,132,83,80,87,92,79,70,85,68,82,24,18,50,61,90,49,79,60,59,35,63,55,70,65,41,69,81,111,39,34,41,32,76,47,86,19,70,46,77,57,65,21,123,26,30,42,86,33,55,30,74,71,65,69,70,83,95,96,82,106,118,56,93,74,64,112,112,67,22,24,34,70,15,36,43,27,8,57,26,48,48,27,40,38,67,28,8,87,63,92,78,88,89,12,55,59,85,49,24,60,55,75,12,29,17,25,39,85,54,108,38,66,88,82,21,110,38,59,51,69,77,90,26,102,70,62,80,158,112,89,62,69,60,80,79,88,94,86,56,43,42,104,72,48,66,73,89,8,29,59,73,51,52,17,33,65,89,75,15,72,50,70,86,35,120,75,76,83,41,71,53
20150501,2,O3_24h,227,252,200,241,98,159,226,252,230,188,214,221,152,140,155,154,146,160,75,165,175,248,150,171,141,208,195,235,193,163,171,173,60,233,238,166,126,206,216,175,232,198,178,181,96,210,189,306,215,127,196,230,138,187,105,75,162,106,75,249,183,139,87,70,138,190,94,102,143,158,82,84,104,74,115,144,156,175,152,139,157,209,251,213,214,216,263,189,146,198,182,217,128,118,240,130,139,93,66,112,161,67,178,189,70,55,211,206,133,136,154,135,124,138,148,154,187,105,158,99,56,97,135,184,106,190,251,175,164,152,226,205,120,134,84,93,132,44,142,154,121,147,115,159,68,79,157,143,146,164,114,164,124,129,105,97,102,203,189,103,115,135,133,137,113,152,110,121,111,103,212,188,99,177,197,192,125,113,208,207,137,95,141,161,,87,181,129,146,96,219,119,124,194,85,101,145,105,123,222,112,119,126,153,163,192,174,199,205,107,126,170,121,137,125,117,114,139,114,97,100,112,120,190,74,58,96,133,189,177,132,427,96,62,124,113,135,157,171,106,130,209,219,145,101,143,184,192,160,172,171,173,171,146,181,173,155,161,181,199,200,190,183,147,132,120,124,178,75,67,122,127,101,137,28,70,92,101,93,75,96,90,100,143,150,154,242,223,150,78,75,134,190,88,93,127,89,117,53,136,35,83,53,118,128,109,112,83,120,114,129,164,131,113,74,125,104,114,83,104,123,137,143,172,174,124,155,89,133,136,140,145,111,183,82,63,115,120,97,120,116,95,176,31,69,94,115,59,92,18,63,80,100,131,88,87,88,110,86,106,178,114,155,147,100,115,144
20150501,2,O3_8h,141,93,119,101,54,62,138,227,162,122,112,134,66,106,91,94,79,67,43,82,91,77,83,88,77,71,59,67,60,81,87,90,36,123,161,94,80,121,105,93,96,116,109,152,42,146,69,99,100,97,101,105,31,33,29,36,32,30,18,40,64,58,31,15,61,81,57,68,119,77,37,44,53,38,42,54,78,101,97,98,99,80,87,120,139,71,94,101,83,108,112,114,80,77,88,59,126,34,30,41,130,38,61,110,25,40,144,159,107,60,83,115,69,53,51,102,71,73,60,61,44,67,64,88,65,117,99,118,125,55,103,79,44,74,22,69,73,31,83,67,73,91,63,94,38,44,98,84,67,64,53,92,100,102,71,71,83,92,110,54,93,47,89,75,65,80,60,39,68,82,88,37,42,65,58,82,52,152,96,123,94,51,82,100,,40,101,93,69,62,163,98,99,152,49,81,98,70,83,129,87,89,83,106,71,88,57,28,63,74,88,60,99,91,79,48,74,89,71,65,48,69,76,103,39,34,54,46,101,55,95,13,71,51,86,53,66,55,124,29,42,82,104,51,48,64,99,89,88,88,101,106,117,106,114,118,128,112,111,109,104,125,140,90,45,33,48,90,20,47,60,36,28,57,25,50,56,52,46,27,66,48,34,83,76,117,103,104,99,24,62,68,126,63,28,75,65,85,23,60,19,42,37,99,75,103,63,71,90,91,38,113,62,80,49,84,94,91,45,98,85,59,72,130,149,88,64,75,86,63,93,83,80,108,66,45,62,96,79,88,94,81,130,12,46,60,86,42,69,17,42,64,65,97,48,69,62,82,58,50,128,88,101,83,58,83,59
20150501,2,O3_8h_24h,210,198,177,211,83,116,201,234,217,178,190,204,134,127,141,142,116,143,69,141,154,196,140,138,125,171,162,197,168,133,153,151,52,198,200,151,112,184,192,158,181,184,167,176,81,173,155,154,193,113,175,196,116,147,82,58,125,81,56,185,147,112,71,53,118,163,85,96,135,134,73,74,88,67,97,125,128,160,137,133,139,137,214,195,201,187,204,170,106,184,168,188,120,98,187,109,131,69,56,86,139,54,153,163,60,52,195,193,124,112,134,122,114,120,130,135,168,101,140,95,51,85,116,153,99,180,201,162,154,135,190,159,100,118,66,84,109,40,128,123,111,129,97,142,60,70,142,127,134,135,103,152,105,124,107,91,99,192,165,98,104,109,123,125,65,140,97,107,102,98,166,161,86,154,169,165,110,104,186,179,130,77,105,146,,79,165,122,128,85,203,111,123,178,81,118,124,99,115,197,106,91,140,141,140,179,155,162,188,104,117,158,110,129,114,145,121,119,116,94,99,102,110,164,61,49,85,108,165,93,117,253,81,56,115,87,124,122,158,92,112,146,196,118,92,121,168,172,146,153,151,163,162,140,164,162,142,137,164,177,176,173,172,137,102,87,105,155,56,60,101,94,89,100,26,59,70,91,73,65,90,78,89,130,131,143,183,172,137,65,69,128,155,84,81,115,83,106,42,115,24,74,48,113,124,104,100,80,104,106,103,116,114,101,61,109,101,110,79,100,114,129,131,161,160,121,143,80,126,125,137,147,111,180,96,53,94,117,93,114,112,91,157,25,73,89,107,55,85,17,59,72,87,118,81,83,81,100,77,91,169,101,138,117,92,105,123
20150501,2,CO,1.258,0.834,0.667,1.481,1.067,0.66,1.021,1.024,0.871,2.649,0.928,1.056,0.855,1.762,0.567,0.887,0.361,0.634,0.423,0.549,1.131,0.667,0.439,0.716,1.181,1.474,1.143,1.436,1.802,0.576,0.92,0.459,1.85,0.931,0.859,1.01,0.635,0.743,0.521,0.764,0.5,0.669,0.574,0.551,1.112,0.633,0.544,0.706,1.387,0.725,1.369,0.94,0.749,0.76,0.774,0.518,0.653,0.754,0.518,0.672,0.627,0.83,1.003,0.337,0.763,0.867,0.637,0.896,0.373,1.231,0.626,0.887,0.671,0.931,0.866,1.153,0.708,0.398,0.521,0.413,0.723,1.005,0.677,1.609,1.335,2.235,2.293,0.899,0.717,0.63,1.206,1.1,0.433,0.451,0.932,0.921,0.827,0.734,0.554,0.965,0.624,0.599,0.724,0.942,1.182,0.659,1.42,1.133,0.925,1.442,1.451,0.823,1.699,1.332,1.455,0.702,0.725,0.506,0.564,0.484,0.621,1.502,0.857,1.347,1.488,1.869,1.423,0.708,1.193,1.206,1.148,0.881,0.882,1.265,1.482,0.847,0.611,0.473,0.778,0.773,1.131,0.464,0.507,0.872,0.877,0.745,0.793,0.712,0.616,1.318,0.915,0.39,1.008,0.344,0.614,0.866,0.629,0.594,1.645,1.213,0.434,0.447,0.408,0.38,0.619,0.563,0.401,0.245,1.073,0.475,0.774,0.844,0.669,0.764,0.947,1.132,1.318,0.692,0.771,0.56,0.5,0.955,0.909,0.769,,0.296,0.706,1.144,0.71,2.311,0.825,1.349,1.654,1.054,2.732,0.396,0.949,0.383,0.323,0.389,0.831,0.434,0.677,1.068,0.665,0.523,1.061,1.262,0.857,0.536,0.196,0.768,0.821,0.556,0.658,0.093,0.359,0.596,0.262,0.61,0.348,0.76,0.761,0.549,0.814,0.509,0.143,0.943,0.894,0.304,0.683,0.339,0.662,1.034,0.797,0.915,1.184,1.102,0.914,0.706,1.086,1.713,0.682,1.164,0.572,1.102,1.166,0.744,0.765,0.534,1.246,0.869,0.773,0.891,0.519,2.517,1.478,0.981,1.525,1.01,1.957,1.374,1.046,1.038,0.999,0.784,0.803,0.641,1.533,0.479,1.487,1.502,0.393,0.396,0.334,1.122,1.11,0.756,1.938,0.64,0.893,0.721,0.775,0.357,0.804,0.432,0.813,0.42,0.673,0.916,0.709,0.85,0.521,0.295,0.633,0.944,0.435,0.372,0.502,1.462,0.545,0.66,0.377,0.909,1.068,0.407,1.269,0.517,0.504,0.061,0.58,0.559,0.414,0.598,0.538,3.088,0.343,0.169,2.218,2.897,0.244,0.767,2.799,1.561,2.755,0.8,0.431,0.931,0.455,0.517,0.529,2.002,0.573,0.515,0.458,0.383,0.824,0.226,0.548,0.275,0.401,0.537,0.385,0.92,1.626,0.364,0.639,0.389,0.62,1.201,0.527,0.294,1.184,0.662,1.416,0.661,0.45,0.266,0.397,0.267,0.773,1.212,0.722,1.14,2.539,3.129,1.106
20150501,2,CO_24h,1.116,0.842,1.027,1.93,1.721,1.232,1.068,1.13,1.216,1.752,0.813,1.084,1.126,1.679,0.81,1.054,0.599,0.717,0.444,0.872,0.698,1.032,0.675,1.016,1.418,0.995,1.057,1.205,1.394,0.718,0.981,0.699,1.476,0.759,0.853,0.938,0.525,0.789,0.661,0.675,0.626,0.724,0.649,0.649,0.913,0.682,0.655,0.994,1.148,0.694,1.466,0.967,0.929,0.992,0.855,0.595,0.765,0.879,0.536,0.793,0.739,0.935,0.872,0.718,0.792,1.066,0.637,0.985,0.559,1.63,0.657,0.994,0.668,0.681,0.915,1.04,1.044,0.808,0.629,0.56,0.866,1.731,1.199,1.592,1.531,2.327,2.455,1.224,0.88,0.69,1.252,1.352,0.581,0.519,1.195,1.301,1.075,0.804,0.682,1.017,0.755,0.801,1.013,1.071,1.156,0.834,1.536,1.461,1.053,1.625,1.706,1.012,1.462,1.234,1.465,1.029,0.673,0.627,0.638,0.544,0.604,1.043,0.777,1.537,1.541,1.805,1.198,0.822,1.283,1.132,1.213,1.01,1.012,1.238,1.155,0.774,0.861,0.487,1.05,0.936,1.433,0.759,0.912,1.022,0.967,0.762,0.907,1.26,1.036,1.692,1.293,0.817,0.993,0.507,0.39,0.99,0.448,0.64,2.069,0.55,0.484,0.561,0.475,0.434,0.805,0.607,0.56,0.288,1.096,0.58,1.051,1.428,1.164,0.878,1.158,0.642,0.99,0.765,0.853,0.579,0.793,0.729,0.769,0.758,,0.369,0.721,1.275,0.882,1.902,0.869,1.41,1.66,1.099,3.029,0.52,0.525,0.314,0.385,0.68,0.413,0.444,0.629,1.481,1.094,1.393,0.946,1.248,0.916,0.629,0.336,0.801,0.819,0.436,0.587,0.311,0.398,0.611,0.247,0.442,0.327,0.787,0.675,0.651,0.858,0.753,0.147,0.804,0.592,0.305,0.702,0.516,0.63,1.054,0.881,1.475,1.151,1.127,0.986,0.684,1.088,0.893,0.771,1.348,0.758,0.997,1.109,0.71,0.958,0.785,1.226,0.977,0.867,1.015,0.616,1.182,1.416,0.893,1.257,1.101,1.383,1.331,0.992,1.139,0.937,0.892,0.893,0.993,1.4,0.543,1.333,1.557,0.488,1.021,0.337,0.978,1.164,0.8,2.04,0.849,0.999,0.695,0.719,0.48,0.797,0.54,1.379,0.659,0.784,0.744,0.762,0.988,0.823,0.254,0.742,1.084,0.476,0.365,0.54,2.032,0.568,0.611,0.311,0.989,0.801,0.547,1.263,0.531,0.585,0.136,0.6,0.445,0.516,0.598,0.546,3.306,0.321,0.216,1.831,2.912,0.235,1.003,3.213,1.594,2.762,0.73,0.571,0.88,0.555,0.906,0.601,2.3,0.622,0.627,0.585,0.552,1.297,0.435,0.297,0.255,0.316,0.57,0.409,0.683,1.587,0.557,0.73,0.526,0.388,0.979,0.454,0.662,1.087,0.899,1.49,0.618,0.418,0.353,0.525,0.323,0.805,1.476,0.923,1.263,2.252,3.535,1.255
20150501,3,AQI,237,93,115,138,110,106,182,160,130,256,132,135,122,147,99,80,65,80,59,67,122,83,61,56,83,182,133,131,136,85,75,46,93,126,96,106,111,86,74,96,55,85,80,91,79,91,76,87,147,50,103,87,53,23,33,19,26,19,19,34,55,39,48,15,58,88,51,51,63,109,59,82,67,108,54,54,143,75,63,46,61,141,94,163,146,100,150,143,45,83,113,89,52,42,90,29,75,17,18,85,75,19,34,103,19,35,91,126,74,72,111,124,80,60,84,72,109,43,92,57,69,85,78,97,98,108,165,92,113,117,115,92,70,63,87,38,35,19,59,85,48,44,61,62,106,72,46,100,150,337,68,189,63,52,62,48,72,71,80,56,46,54,43,49,38,46,52,29,33,42,78,75,64,83,71,137,119,100,130,111,48,113,172,75,,99,110,86,65,72,94,92,76,115,42,64,189,53,65,71,44,183,65,84,67,74,92,79,86,58,59,65,54,54,38,24,35,52,36,42,34,77,72,66,90,66,52,142,66,54,74,46,35,77,77,58,85,55,105,95,58,108,62,66,59,69,105,130,74,104,122,117,94,84,93,133,86,86,103,119,106,88,92,85,120,46,71,67,74,60,114,60,80,29,28,44,32,38,53,60,33,60,48,42,80,100,54,70,57,76,67,34,72,30,36,39,75,41,72,63,28,51,18,58,123,55,47,38,44,45,63,61,62,38,25,41,48,50,138,50,41,29,89,79,111,87,33,60,55,42,44,48,53,51,51,23,104,66,80,65,102,85,76,83,53,46,54,54,43,78,296,500,500,84,53,35,46,40,443,33,108,75,72,69,108,99,74
20150501,3,PM2.5,186,69,86,105,82,79,137,87,98,205,100,102,92,112,50,56,46,39,30,48,92,61,43,32,61,137,101,99,103,62,54,20,69,95,71,79,83,63,53,71,38,62,58,61,50,50,55,51,112,13,76,62,36,14,20,10,15,13,13,23,35,17,20,8,37,65,30,25,23,45,38,38,25,45,28,37,65,42,44,25,43,107,68,123,111,75,115,109,25,54,84,66,32,20,62,12,54,7,11,62,45,10,16,76,12,16,67,81,49,52,78,93,53,32,50,52,70,13,68,39,49,62,57,66,73,80,125,68,84,88,86,68,50,44,64,15,12,7,41,62,18,21,43,41,79,52,20,67,80,93,34,87,16,7,33,22,34,46,58,25,16,37,17,34,15,32,16,20,11,15,57,54,45,61,51,104,89,75,98,83,19,81,130,54,,74,82,63,46,50,40,64,55,86,28,22,142,16,33,39,19,73,25,60,46,53,68,52,63,21,29,43,22,31,23,10,22,34,25,29,9,56,52,40,62,47,35,108,47,30,53,32,24,56,56,40,62,34,78,62,40,80,34,47,41,49,74,98,53,77,92,88,70,43,69,101,63,63,76,89,79,65,68,62,90,27,51,28,53,42,85,40,58,16,17,19,12,23,23,33,13,42,25,5,50,75,35,50,31,55,41,20,52,20,25,26,54,22,36,44,16,34,5,40,62,9,26,23,15,31,29,35,27,9,17,7,3,35,50,28,2,7,38,52,51,42,13,28,21,18,29,22,23,19,26,11,77,32,58,35,70,36,55,61,25,24,12,27,11,25,28,192,196,22,19,17,6,12,112,17,63,54,52,49,80,53,53
20150501,3,PM2.5_24h,126,110,106,151,77,81,119,83,93,146,88,104,94,79,47,48,34,45,38,69,35,76,58,62,45,59,73,55,42,54,57,46,46,65,57,71,59,47,60,61,43,57,57,69,42,61,58,42,105,31,93,59,68,38,25,14,30,21,17,38,31,44,24,13,38,85,28,25,24,56,58,40,69,32,60,56,76,55,33,41,47,144,79,126,121,154,120,90,43,55,67,77,49,29,89,41,56,14,16,54,35,15,49,65,23,23,84,69,48,48,82,64,42,29,45,61,48,25,53,43,34,36,50,80,71,64,126,87,84,76,72,76,66,73,54,15,38,8,68,69,32,40,101,72,77,48,33,57,64,65,65,59,68,25,103,22,38,86,63,32,31,44,34,32,30,39,33,32,23,23,73,60,68,84,62,33,79,44,55,52,59,51,61,44,,52,64,70,52,54,60,52,59,98,38,119,68,29,93,68,40,79,112,66,55,65,55,56,72,28,53,43,28,36,29,18,30,40,17,30,9,43,39,48,53,50,35,65,43,45,48,54,35,46,54,39,42,37,61,59,62,62,51,68,70,81,79,74,62,87,82,85,74,55,93,81,63,65,74,59,58,59,62,62,77,33,63,50,52,52,86,71,69,36,16,18,19,28,42,49,23,31,24,23,65,79,96,80,38,56,44,36,72,17,34,28,54,27,37,42,14,31,6,38,41,12,42,15,16,39,19,42,32,18,13,22,14,17,49,40,5,47,65,53,59,64,54,105,33,101,31,59,56,62,43,29,71,29,54,37,52,41,43,153,98,85,33,28,13,19,109,255,230,24,16,9,15,12,170,16,56,58,47,53,41,36,58
20150501,3,PM10,216,75,134,146,103,127,191,154,161,278,211,159,165,215,146,108,75,107,65,40,139,53,51,60,82,218,145,169,149,102,79,26,123,142,106,123,123,70,68,100,51,94,77,85,105,70,81,122,186,23,139,122,44,22,32,15,25,16,17,33,58,38,47,14,64,105,50,50,44,165,65,112,81,163,55,44,233,98,66,29,55,138,135,191,163,144,193,204,34,114,140,102,52,37,127,28,75,16,17,81,65,15,33,49,17,34,96,200,95,74,170,135,108,67,115,72,165,42,127,62,85,86,84,142,106,121,221,124,123,123,137,121,70,65,104,37,19,18,51,83,47,33,70,71,118,69,34,149,249,448,83,326,74,52,72,47,92,90,82,59,27,47,25,44,33,36,51,18,15,26,68,69,63,81,65,132,128,84,125,125,26,173,188,86,,94,160,96,59,92,61,131,84,149,41,76,187,54,77,89,42,314,77,116,81,89,103,106,97,63,65,78,55,56,37,23,28,52,31,33,33,82,80,79,128,76,51,142,77,56,90,35,34,76,79,51,81,58,78,137,64,154,72,59,56,66,158,145,95,128,129,116,125,116,100,157,93,112,127,149,137,89,110,96,124,45,43,81,55,49,132,67,87,22,27,43,31,37,54,67,21,35,47,13,107,88,56,70,62,96,81,33,79,25,32,38,73,39,91,71,27,50,16,55,193,28,46,37,24,,74,,71,,24,26,22,25,223,46,5,16,126,92,169,98,30,67,58,41,38,47,53,14,50,15,131,80,103,78,152,118,81,63,53,45,55,56,42,103,416,994,665,115,53,,45,28,542,32,163,82,57,64,140,145,86
20150501,3,PM10_24h,163,133,173,198,124,154,176,187,166,209,167,168,189,172,183,93,65,108,100,102,72,98,82,103,88,95,108,104,100,82,90,76,86,97,89,111,81,81,82,80,62,86,80,89,88,90,94,102,188,63,172,143,109,59,53,34,51,32,30,55,56,66,49,30,71,149,47,55,41,159,140,104,293,125,107,89,187,159,56,62,73,191,159,206,171,204,229,167,71,118,108,136,88,51,158,64,76,29,25,74,57,30,87,63,41,39,129,187,104,79,189,130,92,66,106,88,110,79,127,98,53,60,93,147,122,118,218,151,160,134,129,129,110,112,79,36,61,19,106,110,58,64,145,125,129,79,44,124,137,162,149,169,206,46,511,66,132,167,96,73,46,75,65,56,56,70,94,49,39,42,103,82,96,125,91,74,110,64,82,85,85,102,96,71,,96,122,115,89,103,130,131,88,176,91,333,195,71,295,163,97,233,262,144,112,108,92,110,122,94,130,89,87,93,77,44,67,119,63,86,37,78,74,85,102,74,49,91,73,76,79,87,46,62,70,80,71,64,77,128,109,118,121,100,105,136,130,114,106,150,138,123,133,144,131,138,93,106,118,124,102,84,109,107,108,60,87,127,71,66,138,122,104,72,30,39,40,44,86,117,38,51,42,63,152,107,149,116,85,91,86,65,114,34,52,46,71,45,84,81,33,43,20,50,88,27,59,30,37,38,58,54,60,25,32,34,25,58,144,35,16,77,157,92,105,247,99,322,104,267,52,166,143,106,98,56,134,51,88,79,101,109,90,373,317,283,90,94,58,76,326,1197,756,79,33,27,79,74,585,31,112,93,59,68,93,119,108
20150501,3,SO2,18,22,45,47,18,23,26,43,45,38,29,27,30,34,26,35,8,16,10,8,25,11,13,15,16,50,21,32,39,19,15,4,15,16,15,15,21,15,9,7,3,48,34,5,18,3,9,127,47,11,20,58,23,10,6,3,11,7,8,11,6,26,8,5,8,12,9,24,6,13,5,8,20,14,45,16,10,3,15,7,7,50,20,50,30,98,84,41,7,23,106,33,14,6,53,8,8,4,3,7,7,2,15,18,6,26,31,15,18,17,28,21,17,24,24,86,17,12,18,8,18,36,51,31,13,26,37,51,58,8,14,35,10,7,20,3,10,2,8,14,15,5,8,9,5,5,10,10,6,6,6,13,4,6,47,4,3,26,56,19,4,9,7,9,9,15,7,5,13,8,12,21,10,26,20,21,42,18,27,27,13,18,29,23,,17,12,12,5,14,22,36,39,43,62,13,33,37,4,8,5,3,2,42,15,12,11,14,5,8,2,9,25,8,29,3,9,10,8,6,37,36,9,20,35,53,5,27,24,28,9,52,16,31,2,12,25,6,4,14,15,108,19,10,13,18,44,119,31,21,22,12,53,15,19,26,18,30,53,21,26,22,18,17,10,12,59,16,7,69,21,29,1,22,2,9,20,47,25,19,7,35,17,9,8,17,30,2,44,3,12,10,14,4,13,17,9,29,44,15,8,7,3,9,92,14,5,11,5,1,12,7,7,2,9,7,4,8,31,11,2,7,9,16,10,406,6,3,17,2,2,4,3,10,5,9,6,3,8,15,21,2,3,7,4,2,4,3,14,16,14,16,153,2,14,3,4,1,3,12,10,20,8,14,24,21,13
20150501,3,SO2_24h,14,18,47,54,27,34,36,46,32,34,35,31,38,36,21,33,10,12,10,21,15,23,21,30,22,37,28,35,31,26,21,15,16,21,21,20,26,20,29,8,7,32,26,8,15,7,12,40,29,17,24,24,21,12,10,5,15,10,10,14,7,25,9,4,16,22,9,25,8,19,9,13,16,12,24,18,32,25,13,11,7,61,34,51,32,89,77,56,15,27,44,38,14,12,70,23,11,6,4,7,9,4,26,14,8,16,27,45,29,34,53,22,24,24,32,59,19,11,32,7,24,17,47,42,25,22,47,47,53,15,31,37,19,9,23,5,16,3,18,29,32,16,23,22,14,9,24,15,19,12,13,22,5,10,59,10,5,46,55,20,10,18,14,14,13,25,23,10,15,13,34,34,22,33,37,20,33,16,23,30,25,12,21,22,,20,16,15,9,22,55,48,41,62,72,32,13,42,7,29,4,12,3,46,23,24,14,21,5,3,2,11,21,10,14,3,9,13,7,15,25,20,7,37,37,27,6,20,18,24,8,29,29,30,2,17,23,14,6,14,28,64,42,35,25,34,31,71,38,34,20,17,29,24,14,27,20,24,32,33,12,18,19,26,20,17,56,35,13,57,28,39,4,19,2,13,16,45,25,18,6,20,7,18,20,27,46,14,39,6,16,12,36,5,16,22,12,29,72,17,10,7,9,11,70,16,11,14,15,3,12,6,33,2,5,8,4,9,36,12,3,8,18,20,49,159,11,3,16,12,4,12,4,14,13,15,15,6,4,14,21,3,7,3,3,5,7,3,13,16,9,18,65,7,14,4,8,11,3,12,13,28,10,19,23,18,30
20150501,3,NO2,58,33,37,67,46,28,38,13,31,37,54,25,57,29,14,49,39,39,41,18,68,35,9,23,48,38,55,55,38,22,18,8,21,35,38,46,52,28,28,36,14,48,35,15,25,12,27,35,39,10,43,32,33,26,19,10,18,5,8,46,8,27,35,6,19,34,28,28,15,11,40,32,20,82,32,21,9,4,76,12,8,33,53,32,23,84,68,35,19,28,46,34,37,20,42,11,9,12,5,20,3,4,32,9,36,26,23,6,16,19,89,7,27,49,62,35,50,9,12,18,32,33,41,47,25,33,40,35,34,30,21,25,13,4,32,20,19,6,6,15,27,6,10,7,6,22,12,14,3,20,15,12,14,14,13,14,9,31,33,24,15,50,17,33,11,15,15,12,14,4,27,38,54,35,37,47,60,13,33,45,4,31,50,38,,42,51,26,26,28,15,20,12,29,9,15,12,11,13,17,8,2,6,18,29,30,55,36,20,18,12,25,25,17,36,9,24,18,10,20,25,35,18,19,60,18,11,87,43,39,12,7,20,27,12,17,13,30,13,21,12,31,14,25,5,18,16,32,36,35,44,37,29,18,24,23,21,27,40,21,31,32,10,14,12,28,15,9,21,31,24,30,6,15,2,12,18,14,11,6,8,34,27,8,20,8,26,15,13,38,16,9,12,4,31,14,49,10,16,35,7,26,4,3,38,2,13,11,8,8,30,13,17,3,10,6,3,5,31,3,1,5,5,7,7,8,12,29,12,18,19,8,6,10,47,12,36,9,9,48,19,20,17,12,15,9,17,3,39,10,22,5,9,23,13,4,12,4,2,15,25,23,15,9,57,11,21
20150501,3,NO2_24h,46,27,42,60,31,32,42,24,33,28,37,25,59,31,37,43,38,37,39,43,52,56,22,29,34,30,42,45,39,24,25,20,32,36,43,43,40,35,41,23,18,44,29,20,26,23,35,34,38,25,51,49,36,44,36,16,32,11,12,35,21,33,26,14,38,58,29,28,15,26,33,29,19,44,37,20,39,22,27,10,12,45,47,37,25,68,66,25,41,28,27,40,62,37,37,26,17,13,7,22,10,11,44,13,19,18,25,27,25,27,60,15,36,41,54,35,35,15,14,21,29,28,28,39,29,32,44,39,30,35,37,31,17,53,30,14,26,9,37,30,35,22,21,25,21,27,18,24,28,39,28,29,8,15,11,15,21,44,35,19,17,59,20,29,52,19,28,20,24,8,35,39,46,34,34,33,45,23,49,41,22,20,30,47,,36,30,32,30,24,32,22,14,36,15,14,18,26,16,36,13,9,5,24,32,39,32,46,27,15,18,29,18,10,19,10,18,19,15,17,15,27,17,27,50,18,9,52,44,28,17,9,24,17,17,31,13,28,22,26,16,27,20,24,19,19,20,27,45,37,52,31,21,23,19,24,25,45,32,36,21,27,12,21,15,28,19,20,27,33,27,31,13,25,3,15,16,12,13,13,11,27,16,27,30,22,51,28,24,34,23,27,17,7,31,24,36,11,6,28,10,25,7,7,29,11,15,10,11,12,25,18,28,2,13,17,9,13,29,6,3,17,17,11,18,11,19,9,13,38,21,17,15,16,65,19,39,13,13,11,18,16,23,9,7,14,17,7,23,8,14,14,23,19,15,7,11,8,17,14,21,29,22,17,37,13,31
20150501,3,O3,73,40,56,30,28,39,88,213,130,40,62,89,31,80,56,61,52,55,47,86,40,55,86,69,49,22,16,34,32,47,65,99,29,60,119,57,49,63,51,53,55,95,98,129,50,150,60,102,81,103,87,104,19,9,38,34,14,28,15,5,73,30,11,9,73,62,57,60,94,60,17,27,35,4,30,33,79,109,47,69,89,61,40,89,101,19,66,52,97,78,51,69,67,93,55,72,115,25,30,29,117,36,9,82,4,24,110,100,77,53,23,116,77,17,20,80,35,79,52,70,44,70,38,43,51,94,75,101,75,25,92,42,24,91,8,51,60,38,84,58,68,88,62,90,32,41,83,65,54,47,41,70,90,81,49,71,94,85,68,47,84,40,62,47,113,55,60,67,59,87,44,29,11,49,28,39,22,78,98,105,106,21,42,90,,17,33,70,67,32,100,69,65,100,38,57,137,85,75,71,92,74,74,78,69,86,13,21,50,66,86,48,66,56,41,32,52,38,73,67,40,62,76,110,35,27,42,20,75,44,95,9,64,44,79,48,84,15,130,32,28,38,90,29,50,33,79,83,60,67,82,88,96,102,77,102,112,57,97,79,64,104,108,71,26,19,34,64,19,27,38,23,8,44,26,51,37,22,31,40,64,25,8,86,66,80,73,74,100,12,52,72,103,39,21,59,52,74,11,12,18,34,34,88,47,108,38,64,86,80,23,110,47,44,48,67,101,103,23,97,69,65,82,144,83,89,64,47,68,77,86,89,78,85,47,40,31,99,72,34,64,67,108,7,32,56,71,51,47,17,33,53,92,63,33,70,58,68,74,33,121,76,74,77,43,77,54
20150501,3,O3_24h,227,252,200,241,98,159,226,252,230,188,214,221,152,140,155,154,146,160,75,165,175,248,150,171,141,208,195,235,193,163,171,173,60,230,238,166,126,206,216,175,232,198,178,181,96,210,189,306,215,127,196,230,138,187,105,75,162,106,75,249,183,139,87,70,138,190,94,102,143,163,82,84,104,74,115,144,156,175,152,139,157,209,251,213,214,216,263,189,146,198,182,217,128,118,240,130,139,93,66,112,161,67,178,189,70,55,211,206,133,136,154,136,124,138,148,154,187,105,158,99,56,97,135,184,106,190,251,175,164,152,226,205,120,134,84,93,132,44,142,154,121,147,115,159,68,79,157,143,146,164,114,164,111,129,105,97,102,203,189,103,115,135,133,137,113,152,110,121,111,103,212,188,99,177,197,192,125,113,208,207,137,95,141,161,,87,181,129,146,96,219,119,124,194,85,101,145,105,122,222,112,119,125,145,163,192,174,199,205,107,126,170,121,137,121,104,113,139,114,97,100,112,120,190,72,58,96,133,189,177,132,427,96,62,124,113,135,157,171,106,130,209,219,145,101,143,184,192,160,172,171,173,171,146,181,173,155,161,181,199,200,190,183,147,132,120,124,178,75,67,122,127,101,137,28,70,92,101,93,75,96,90,100,143,150,154,242,223,150,78,75,134,190,88,93,127,89,117,53,136,35,83,53,118,128,109,112,83,120,114,129,164,131,113,74,125,104,114,83,104,123,137,143,172,174,123,154,89,133,113,140,136,106,180,82,63,115,120,97,120,116,95,176,31,69,94,115,59,92,18,63,80,100,131,88,87,88,110,86,106,178,114,155,147,100,115,144
20150501,3,O3_8h,125,74,106,81,48,56,126,224,152,106,96,122,55,102,83,87,75,62,42,82,78,65,81,85,71,58,45,52,46,74,81,90,34,106,152,85,73,108,89,84,85,105,104,148,40,147,63,97,91,99,93,99,26,21,29,36,23,26,16,30,63,50,25,14,59,73,54,64,114,71,32,39,49,29,40,50,79,104,88,91,97,74,75,111,129,54,83,89,88,97,99,103,75,82,81,57,124,32,29,35,128,36,43,106,19,37,136,149,101,58,71,115,68,43,41,98,63,75,54,60,44,65,56,77,60,111,88,113,114,44,96,67,37,71,16,65,69,33,78,60,69,87,60,94,35,43,91,78,60,60,50,84,97,97,65,68,83,85,98,49,91,45,84,68,74,73,58,42,65,82,75,27,36,58,47,69,43,135,87,117,94,42,71,99,,34,86,88,69,55,151,92,92,141,45,77,101,71,80,117,86,88,81,93,67,82,41,24,55,71,88,53,94,82,73,42,69,81,68,63,43,67,75,102,38,33,50,42,91,52,95,12,69,50,84,52,65,45,124,26,36,72,96,45,46,56,88,82,80,80,94,100,112,102,105,113,126,103,106,100,92,120,132,83,37,29,44,85,18,43,55,36,22,56,25,50,52,45,42,25,64,43,24,82,70,109,95,96,96,18,61,63,121,58,23,69,61,81,20,50,18,36,35,96,66,104,55,69,87,89,24,112,55,74,49,80,94,90,38,98,80,56,69,133,141,87,64,70,79,69,87,85,81,100,62,45,58,94,76,77,87,78,122,10,43,60,81,42,64,17,38,63,65,88,42,68,58,78,58,43,124,86,94,81,53,80,57
20150501,3,O3_8h_24h,210,198,177,211,83,113,201,234,217,178,190,204,134,127,141,142,116,143,69,141,154,196,140,138,125,171,162,197,168,133,153,151,52,194,200,151,112,184,192,158,181,184,167,176,81,173,155,153,193,113,175,196,116,147,82,58,125,81,56,185,147,112,71,53,116,163,85,96,135,138,71,74,86,67,97,125,128,160,137,133,139,137,214,195,201,187,204,170,106,184,168,188,120,98,187,109,131,69,56,86,139,54,153,163,60,52,195,193,124,112,134,123,114,120,130,135,168,101,140,95,51,85,116,153,99,180,201,162,154,135,190,159,100,118,66,84,109,40,128,123,111,129,97,142,59,70,142,127,134,135,103,152,105,124,100,91,99,192,165,98,104,109,123,125,74,140,97,107,102,98,166,161,86,154,169,165,110,99,186,179,130,77,105,146,,79,165,122,128,85,203,111,122,178,81,113,124,97,113,197,106,91,136,133,140,179,155,162,188,104,117,158,110,129,114,138,119,119,115,91,98,102,110,164,61,49,85,108,165,93,117,253,81,56,115,87,124,122,158,92,112,146,196,118,92,121,168,172,146,153,151,163,162,140,164,162,142,137,164,177,176,173,172,137,102,87,105,155,56,60,101,94,89,100,26,59,70,91,73,65,90,78,89,129,131,143,183,172,137,65,69,128,155,84,81,115,83,106,42,115,24,74,48,113,124,104,100,80,104,106,103,116,114,101,61,109,101,110,79,100,114,129,131,161,160,119,142,79,126,125,137,145,110,180,88,53,94,112,93,114,112,91,157,25,71,89,107,55,85,17,59,72,87,118,81,83,81,100,77,91,169,101,138,117,92,105,123
20150501,3,CO,1.345,0.72,0.787,1.428,1.046,0.692,1,0.969,0.925,2.491,1.044,1.062,0.966,1.727,0.584,1.308,0.36,0.654,0.427,0.52,1.16,0.63,0.427,0.84,1.198,1.556,1.074,1.354,1.907,0.571,0.842,0.434,1.726,0.976,0.852,0.955,0.681,0.701,0.503,0.715,0.497,0.658,0.595,0.514,1.139,0.618,0.518,1.53,1.325,0.642,1.405,0.779,0.774,0.724,0.777,0.515,0.623,0.749,0.421,0.67,0.621,0.71,0.964,0.34,0.678,0.808,0.587,0.911,0.403,1.193,0.656,0.792,0.672,1.11,1.055,1.197,0.739,0.365,0.741,0.393,0.73,1.094,0.788,1.314,1.394,2.173,2.208,0.85,0.755,0.666,1.585,0.952,0.413,0.429,1.151,0.734,0.833,0.73,0.542,0.928,0.613,0.579,0.691,0.947,1.162,0.967,1.361,1.063,0.886,1.354,1.521,0.809,1.423,1.264,1.625,0.687,0.674,0.483,0.448,0.493,0.687,1.933,1.409,1.322,1.388,1.781,1.391,0.705,1.204,1.171,1.025,0.896,0.795,1.186,1.463,0.822,0.607,0.474,0.574,0.785,1.08,0.465,0.548,0.796,0.807,0.714,0.792,0.695,0.57,1.368,0.891,0.372,1.028,0.34,0.426,0.842,0.635,0.348,1.91,0.992,0.426,0.436,0.411,0.382,0.6,0.574,0.371,0.238,1.076,0.472,0.755,0.795,0.638,0.809,0.956,1.189,1.344,0.651,0.775,0.527,0.509,0.955,0.918,0.723,,0.324,0.669,1.129,0.696,1.295,0.74,1.35,1.646,0.979,2.763,0.332,0.857,0.363,0.325,0.295,0.835,0.477,0.643,1.042,0.646,0.483,1.065,1.219,0.845,0.55,0.235,0.767,1.041,0.622,0.845,0.084,0.405,0.534,0.225,0.586,0.336,0.834,0.749,0.514,0.851,0.515,0.136,0.92,0.888,0.298,0.728,0.351,0.681,1.074,0.773,0.965,1.09,1.112,0.873,0.601,1.174,1.889,0.538,1.175,0.561,1.066,1.048,0.685,0.797,0.54,1.232,0.85,0.803,0.904,0.578,0.872,1.436,0.941,1.472,0.961,1.862,1.405,1.031,0.962,0.96,0.769,0.846,0.58,1.548,0.483,1.491,1.473,0.376,0.492,0.328,1.053,1.153,0.7,1.958,0.595,0.918,0.721,0.779,0.384,0.761,0.405,0.795,0.43,0.619,0.8,0.682,0.787,0.518,0.232,0.844,0.965,0.527,0.373,0.504,1.575,0.533,0.611,0.385,0.873,0.995,0.412,1.224,0.564,0.493,0.039,0.655,0.541,0.386,0.601,0.528,3.065,0.289,0.138,1.905,2.936,0.244,0.776,2.806,1.523,2.423,0.803,0.404,1.095,0.437,0.557,0.515,2.005,0.673,0.481,0.507,0.388,1.036,0.23,0.399,0.293,0.368,0.555,0.287,1.052,1.625,0.384,0.589,0.375,0.715,1.207,0.577,0.282,1.22,0.707,1.347,0.653,0.426,0.234,0.443,0.26,0.783,1.202,0.735,1.118,2.2,3.187,1.125
20150501,3,CO_24h,1.112,0.833,1.019,1.921,1.683,1.211,1.066,1.134,1.206,1.789,0.824,1.082,1.11,1.682,0.792,1.045,0.589,0.721,0.446,0.858,0.715,1.019,0.662,1.006,1.414,1.018,1.063,1.206,1.415,0.711,0.982,0.692,1.493,0.794,0.857,0.941,0.531,0.788,0.655,0.677,0.622,0.724,0.65,0.644,0.912,0.68,0.65,1.014,1.136,0.694,1.465,0.956,0.917,0.961,0.851,0.592,0.761,0.871,0.532,0.785,0.735,0.928,0.879,0.71,0.775,1.037,0.635,0.978,0.559,1.607,0.654,0.984,0.673,0.692,0.919,1.035,1.019,0.794,0.63,0.556,0.858,1.677,1.185,1.596,1.499,2.326,2.389,1.193,0.876,0.695,1.256,1.33,0.559,0.517,1.194,1.284,1.055,0.803,0.679,1.019,0.746,0.795,1.007,1.068,1.158,0.836,1.531,1.453,1.044,1.608,1.683,1.001,1.456,1.214,1.46,1.023,0.677,0.624,0.63,0.543,0.615,1.091,0.796,1.515,1.511,1.81,1.203,0.815,1.278,1.139,1.199,1.001,0.996,1.241,1.178,0.78,0.847,0.488,1.015,0.928,1.415,0.748,0.889,1.008,0.976,0.758,0.897,1.245,1.018,1.672,1.272,0.797,1.001,0.506,0.388,0.986,0.437,0.623,2.026,0.567,0.476,0.553,0.468,0.434,0.799,0.605,0.557,0.288,1.096,0.577,1.041,1.396,1.176,0.866,1.147,0.66,1.016,0.752,0.85,0.575,0.778,0.741,0.779,0.757,,0.368,0.718,1.261,0.868,1.904,0.86,1.401,1.662,1.103,3.015,0.489,0.549,0.306,0.382,0.658,0.434,0.448,0.627,1.428,1.09,1.391,0.955,1.246,0.917,0.626,0.331,0.799,0.805,0.428,0.588,0.298,0.394,0.595,0.248,0.464,0.335,0.791,0.689,0.648,0.86,0.734,0.147,0.816,0.614,0.306,0.701,0.511,0.633,1.054,0.875,1.466,1.15,1.125,0.986,0.678,1.095,0.926,0.763,1.334,0.749,0.997,1.106,0.705,0.944,0.763,1.227,0.969,0.853,1.011,0.611,1.184,1.425,0.898,1.254,1.092,1.405,1.337,0.996,1.137,0.94,0.862,0.877,0.959,1.402,0.543,1.342,1.56,0.493,0.979,0.338,0.984,1.148,0.78,2.035,0.844,0.996,0.683,0.722,0.477,0.789,0.531,1.332,0.646,0.767,0.747,0.765,0.985,0.79,0.256,0.753,1.08,0.476,0.37,0.551,2.023,0.567,0.619,0.313,0.983,0.793,0.546,1.264,0.535,0.582,0.131,0.61,0.453,0.51,0.599,0.547,3.298,0.318,0.214,1.844,2.909,0.237,0.992,3.191,1.598,2.752,0.722,0.561,0.895,0.557,0.887,0.598,2.284,0.623,0.623,0.567,0.546,1.273,0.425,0.31,0.257,0.317,0.57,0.407,0.698,1.587,0.542,0.73,0.521,0.398,0.99,0.457,0.64,1.054,0.882,1.478,0.621,0.422,0.352,0.518,0.322,0.804,1.466,0.924,1.255,2.246,3.523,1.24
20150501,4,AQI,246,82,127,163,99,104,172,156,137,262,177,146,126,138,171,96,71,81,56,64,135,77,63,56,114,175,119,121,142,80,66,46,85,127,94,104,103,96,76,105,48,85,86,88,80,91,75,81,141,51,109,88,54,24,35,19,22,19,18,36,53,32,44,17,60,58,47,49,60,79,60,80,69,105,54,56,129,59,57,44,67,142,98,167,141,113,154,139,47,84,133,88,42,44,90,28,77,16,20,78,72,18,28,105,24,40,85,101,71,66,119,127,71,60,81,64,106,39,76,58,77,96,78,94,108,86,179,109,114,121,105,88,64,54,93,34,34,17,41,97,48,43,77,56,88,67,45,67,139,199,52,141,48,47,64,57,61,71,88,49,45,56,40,49,42,48,38,28,32,43,77,81,67,87,82,143,109,80,125,120,49,117,147,76,,110,105,82,63,81,81,92,78,108,45,65,133,63,64,74,55,290,64,89,59,60,88,76,88,58,60,67,58,61,46,24,41,51,34,36,36,86,72,60,89,66,52,161,63,54,75,58,42,85,76,63,91,59,98,82,63,106,70,69,50,71,106,124,80,115,111,117,99,81,93,88,87,88,110,120,99,87,91,75,114,47,55,60,66,56,114,57,76,27,26,42,39,34,55,49,33,66,42,42,86,110,58,76,55,76,70,31,66,30,39,38,75,41,67,63,30,46,20,54,83,56,33,39,44,43,60,61,58,34,24,53,48,78,104,54,39,29,66,81,103,90,32,63,52,48,48,44,51,48,48,24,120,54,83,68,99,85,64,82,50,46,52,50,37,69,164,489,407,73,26,34,34,39,368,39,99,63,75,77,96,96,76
20150501,4,PM2.5,195,60,96,123,74,77,130,85,104,211,133,111,95,105,64,71,51,45,32,45,102,56,44,38,85,132,89,91,108,58,47,15,62,96,70,77,76,71,55,78,33,62,63,53,58,48,54,52,107,11,81,59,37,14,22,11,15,13,12,23,35,18,20,9,29,34,27,23,27,35,37,38,29,52,33,39,56,29,39,27,48,108,73,126,107,84,117,106,24,58,101,65,24,24,65,12,56,7,10,57,47,10,16,78,11,16,62,71,49,46,88,96,44,36,52,45,70,16,50,40,56,71,57,69,80,63,135,81,85,91,78,65,39,31,69,11,13,8,22,72,21,18,56,26,65,48,21,47,68,73,23,78,10,9,33,18,21,48,65,23,18,39,16,34,19,33,14,19,9,15,56,59,48,64,60,109,81,58,94,90,14,88,112,55,,82,78,60,44,57,47,67,57,80,31,18,101,11,28,37,23,80,25,66,41,42,65,50,65,23,27,48,25,31,24,14,22,33,22,25,14,63,52,42,64,47,33,122,44,37,54,40,22,62,55,44,67,38,73,58,44,79,43,49,35,51,79,93,56,86,83,88,74,42,69,65,64,65,82,90,74,64,67,54,85,29,38,25,47,39,85,39,55,17,14,18,15,22,27,20,16,21,29,5,44,82,40,55,26,55,45,2,47,16,27,25,54,18,40,44,11,31,10,37,61,6,20,23,10,30,26,33,27,13,12,11,10,57,39,29,4,7,30,55,49,38,13,35,21,16,28,22,24,19,28,9,90,31,59,40,65,37,45,60,24,23,17,22,12,19,75,175,145,17,17,13,12,10,103,14,62,44,54,56,71,48,55
20150501,4,PM2.5_24h,129,108,106,152,77,80,120,84,94,150,88,103,93,80,48,48,35,46,38,67,38,75,57,60,47,63,74,57,44,54,57,44,47,67,58,71,60,48,59,59,42,57,56,68,43,59,59,43,103,30,92,60,65,37,25,14,29,21,16,37,31,43,23,13,36,82,28,24,24,56,58,39,68,33,58,53,76,55,33,40,47,138,79,125,118,149,119,91,41,56,68,76,47,29,87,40,56,13,15,54,36,15,48,67,23,22,82,69,48,48,82,66,41,29,45,61,49,24,53,43,35,37,50,80,71,64,127,84,82,77,73,76,65,72,55,15,36,9,65,69,31,39,98,69,76,48,33,57,64,66,63,60,58,25,104,21,36,84,61,30,29,44,32,32,29,38,33,31,22,22,73,59,67,82,61,37,80,45,56,54,56,52,63,43,,54,64,68,52,54,59,53,60,98,38,118,71,26,94,67,39,80,112,65,54,66,55,56,72,29,51,42,27,34,28,17,29,40,17,30,10,44,40,47,54,50,34,68,43,45,48,53,34,47,54,40,44,36,61,60,60,62,51,68,69,78,78,75,61,86,81,84,72,54,91,79,63,65,74,61,59,60,62,62,77,32,61,49,52,51,86,69,69,34,16,18,18,27,41,47,23,29,24,22,63,79,92,78,36,55,46,35,69,17,33,28,54,27,37,43,13,31,6,38,41,12,41,16,15,38,19,42,32,17,13,22,14,21,51,41,5,45,64,53,59,64,53,99,29,97,31,57,54,60,42,29,72,29,55,38,53,41,44,154,97,82,33,29,13,19,110,249,227,23,17,10,15,12,161,16,54,58,48,53,41,37,57
20150501,4,PM10,224,76,145,146,107,147,172,147,165,277,234,157,164,195,290,140,82,109,60,36,149,,52,59,88,201,127,156,149,88,73,29,94,147,103,119,109,76,69,108,45,86,88,75,97,64,81,109,177,20,141,124,42,23,34,18,19,16,14,35,54,31,43,16,68,64,46,48,49,105,67,107,86,157,56,48,205,66,62,32,63,127,134,193,137,159,186,191,31,116,172,94,41,36,128,15,75,12,19,72,55,16,27,62,23,39,86,150,90,80,186,138,90,68,109,58,160,37,100,56,90,90,88,135,99,96,221,136,119,140,118,115,76,56,102,33,22,12,40,90,47,32,77,60,116,59,30,82,225,346,51,230,45,36,75,61,70,90,94,48,22,45,33,44,33,41,37,26,20,26,70,70,61,79,75,134,117,67,122,133,26,143,169,89,,110,126,95,54,110,62,131,97,148,38,77,147,74,75,95,58,412,75,119,66,61,104,100,94,64,67,78,63,70,45,23,40,50,25,30,35,90,84,66,126,79,51,144,73,55,88,56,41,66,72,51,80,65,69,112,69,155,87,61,45,65,133,139,107,132,116,105,123,110,99,100,88,113,127,141,128,89,108,93,115,46,45,68,66,54,129,61,80,20,25,41,38,33,57,48,24,80,41,12,120,96,64,71,57,80,87,8,72,29,20,37,80,39,82,70,29,45,19,41,89,21,32,38,22,,68,,63,,22,54,23,17,156,56,6,13,79,88,154,94,26,73,51,47,47,42,50,14,47,23,146,55,113,84,146,118,59,71,49,45,52,49,36,86,276,588,506,94,25,,33,38,473,38,145,59,62,72,128,140,89
20150501,4,PM10_24h,165,129,171,198,125,153,176,188,166,213,169,167,187,172,189,94,65,110,100,102,76,99,80,101,89,101,110,108,104,81,90,74,88,100,90,112,83,82,81,80,61,87,78,88,88,89,94,104,185,61,170,143,104,58,53,34,50,32,30,54,56,64,48,29,69,143,47,54,42,159,141,105,293,125,101,85,190,157,55,61,72,185,159,206,167,197,223,169,71,119,109,134,82,51,155,63,75,29,25,74,58,30,87,64,41,38,127,186,105,79,189,131,92,66,107,88,113,72,126,93,55,62,94,148,121,117,218,148,156,134,128,129,108,109,82,36,58,19,102,110,57,63,144,121,127,77,44,124,141,170,146,173,184,45,505,66,123,164,94,72,43,74,61,56,55,69,92,48,38,41,104,81,95,121,90,76,111,65,84,87,81,105,100,70,,96,123,114,87,104,128,131,90,176,88,330,198,70,295,162,92,245,261,142,111,108,92,110,122,95,125,89,86,90,76,41,66,117,63,88,37,79,75,84,104,74,49,95,73,75,80,86,45,63,70,80,72,62,77,130,105,119,121,99,103,131,130,114,105,148,138,122,130,142,129,135,94,107,120,125,104,84,109,107,108,57,84,123,69,65,136,119,104,70,30,39,38,44,85,115,37,50,41,61,145,106,144,115,83,90,85,62,108,34,51,46,72,46,85,82,33,44,20,50,87,27,56,30,37,38,59,54,60,25,32,35,25,59,151,36,16,74,156,92,108,245,96,301,81,261,52,163,140,106,97,56,135,50,91,80,105,113,91,392,311,278,88,94,57,79,331,1139,766,80,33,28,76,71,580,32,114,92,61,67,94,120,106
20150501,4,SO2,17,21,56,98,18,20,25,42,42,32,32,27,31,35,17,60,8,16,11,8,27,10,10,14,15,51,22,34,60,19,15,4,11,18,15,15,18,18,8,5,3,34,33,4,19,3,8,63,44,11,24,25,20,11,6,4,11,7,7,10,7,31,8,5,6,10,8,24,6,13,5,7,13,12,57,14,10,3,15,7,10,48,18,65,28,96,80,58,6,24,177,30,16,4,49,8,9,4,4,7,7,2,16,13,6,21,31,16,31,15,31,33,15,21,22,47,15,11,14,7,18,31,52,31,13,22,41,67,60,7,13,40,10,7,19,4,10,2,7,13,17,9,7,6,4,6,9,9,5,5,6,12,4,16,46,4,3,26,53,16,4,10,6,9,12,15,6,5,13,8,11,20,11,28,20,20,39,15,19,25,12,9,20,43,,14,12,12,5,13,21,41,23,37,60,17,37,42,4,10,6,2,2,54,16,11,11,11,4,11,1,9,22,10,29,3,7,9,7,6,32,24,6,19,41,62,5,30,20,43,9,44,15,33,3,14,24,6,3,10,17,86,24,17,18,23,29,93,29,53,21,10,67,16,22,20,19,28,32,19,23,25,21,13,13,12,47,16,8,52,28,31,1,17,2,8,21,60,32,21,7,61,11,9,4,14,48,3,29,3,11,9,11,4,12,13,13,28,38,11,8,7,3,8,51,14,5,16,6,2,12,6,7,2,9,7,4,9,33,8,3,6,9,15,8,423,6,2,20,3,13,4,3,7,4,9,6,3,10,16,21,2,3,7,4,3,4,3,12,16,26,17,172,3,14,3,5,3,3,11,10,16,7,19,18,22,12
20150501,4,SO2_24h,15,19,47,56,26,33,36,47,33,34,35,31,38,36,21,33,10,12,9,20,15,23,20,30,23,38,28,35,32,26,21,15,16,21,21,20,26,20,28,8,7,32,26,8,15,7,12,31,29,16,24,24,21,12,10,5,15,9,10,13,7,24,9,4,15,21,9,25,8,19,8,12,16,12,26,18,31,24,13,11,8,62,34,51,31,91,74,56,16,26,49,38,14,12,68,23,10,6,4,7,9,4,26,14,8,16,26,43,29,33,53,22,22,24,32,60,19,11,28,7,24,18,48,42,24,22,47,47,53,15,31,37,19,9,24,5,15,3,17,28,32,16,22,20,13,9,20,15,18,12,13,22,5,11,58,10,5,45,56,20,9,18,13,14,13,25,22,9,15,13,34,33,22,32,37,21,34,16,23,30,24,12,21,23,,20,16,15,8,21,53,48,40,62,73,27,15,43,7,29,4,11,3,46,22,24,14,21,5,3,2,11,21,10,14,3,9,13,7,15,25,20,7,36,38,29,6,21,17,24,9,30,29,29,2,18,23,14,6,13,28,66,43,34,24,34,32,71,37,35,20,16,30,23,14,27,20,24,32,32,12,18,19,27,20,16,55,34,13,57,27,39,4,19,2,13,16,46,25,18,6,21,7,18,19,26,44,14,37,6,17,12,35,5,17,22,13,28,73,17,10,7,9,11,68,16,11,14,12,3,12,6,32,2,6,8,4,9,36,11,3,9,17,20,46,174,10,3,16,11,5,12,4,14,13,15,14,6,5,14,21,3,7,4,3,5,7,3,13,16,10,18,70,7,14,4,8,11,3,12,13,28,10,18,23,19,29
20150501,4,NO2,57,34,46,71,55,25,34,14,28,44,51,23,60,22,12,64,39,44,41,15,52,35,7,25,42,41,54,64,46,31,17,8,19,39,38,41,56,35,29,35,11,53,46,13,23,12,23,27,42,11,43,41,32,23,18,11,16,5,7,38,9,17,33,7,12,17,25,26,11,13,37,31,23,75,35,25,10,4,51,10,11,39,57,35,24,75,67,29,21,32,50,31,48,22,40,13,7,10,4,20,4,4,32,8,40,24,23,6,19,19,91,8,24,45,61,29,44,9,11,17,30,32,38,43,23,30,39,36,28,23,14,28,14,6,30,13,20,7,5,13,31,10,12,5,6,22,9,11,3,23,15,12,10,20,12,19,8,42,35,23,12,50,18,29,13,13,14,9,12,4,25,31,69,37,33,42,52,8,36,41,3,22,43,52,,35,48,28,27,28,16,23,14,32,8,16,13,13,12,21,8,3,4,20,28,24,53,34,21,15,13,26,25,19,37,9,27,18,11,11,18,26,18,17,59,19,13,81,42,39,12,7,22,15,11,18,10,30,9,17,8,28,19,23,4,15,17,31,36,28,30,35,30,16,24,20,21,34,37,20,32,36,11,11,17,31,9,8,23,31,27,26,4,18,2,12,15,16,15,5,8,31,28,6,8,9,28,20,14,34,19,5,8,4,30,13,52,6,14,27,8,19,3,3,30,2,14,12,3,5,25,13,21,3,11,6,4,2,26,3,2,5,5,7,7,7,12,22,11,16,23,9,9,9,49,10,37,11,8,28,20,14,15,15,10,6,14,3,49,9,19,2,9,17,11,6,16,4,2,18,27,26,16,10,36,12,22
20150501,4,NO2_24h,47,27,41,59,32,31,41,24,33,28,38,24,59,30,34,43,37,38,40,41,52,55,20,28,34,30,43,46,39,23,24,20,31,35,42,44,40,35,40,24,18,45,30,20,26,23,34,34,37,24,51,48,34,43,35,16,31,11,12,35,20,32,26,13,36,54,29,27,16,26,32,29,19,44,37,20,36,21,26,9,12,42,47,34,24,65,63,25,40,27,28,38,59,37,36,26,17,14,7,22,9,10,43,13,20,18,25,25,25,27,60,15,35,41,54,34,35,15,14,22,28,27,28,39,28,31,43,39,29,34,35,30,17,52,30,13,24,9,35,29,34,21,21,23,20,26,17,24,26,36,27,27,8,15,11,16,20,43,35,19,15,58,18,28,51,18,27,20,23,7,35,38,47,33,34,33,45,21,48,41,19,20,30,47,,36,30,32,30,24,30,21,14,35,14,13,18,26,15,34,13,8,5,24,32,38,32,46,27,15,18,30,18,11,20,10,19,20,15,17,16,26,17,26,51,19,9,53,44,27,17,9,24,17,17,31,13,28,22,25,15,27,20,24,18,19,21,27,43,35,49,31,21,23,19,24,25,45,31,35,22,27,12,20,15,28,18,19,27,34,27,31,12,24,3,15,15,12,13,13,12,26,17,25,28,22,49,27,23,34,24,26,17,7,31,23,37,11,7,28,10,26,7,7,29,11,15,10,11,12,26,18,27,2,13,17,8,13,29,6,3,16,16,11,17,11,18,10,13,37,21,17,15,16,64,19,36,13,13,11,18,16,23,9,7,14,17,7,24,8,15,13,22,18,14,7,11,8,16,14,21,28,22,16,37,13,30
20150501,4,O3,64,33,40,24,25,40,89,204,115,29,56,84,23,83,59,38,49,43,47,93,66,49,91,55,45,12,14,17,18,33,60,99,28,55,107,58,42,48,47,45,62,77,81,133,50,147,64,85,71,99,84,124,19,12,37,37,16,29,16,9,66,32,10,14,83,86,58,60,92,58,16,22,33,7,24,25,75,107,64,72,82,53,27,66,86,27,53,50,81,68,42,64,57,82,53,64,119,28,31,26,110,36,6,81,2,27,110,89,68,47,19,111,80,18,21,84,43,78,44,70,44,60,35,42,51,91,74,98,79,26,92,32,25,86,7,52,55,34,84,58,56,77,53,86,35,36,88,68,55,42,42,70,93,84,48,68,97,69,60,45,86,50,57,54,95,56,56,79,65,89,41,32,13,34,38,49,25,82,60,98,111,22,39,75,,23,29,60,51,26,91,68,34,87,36,52,127,83,73,74,89,70,76,75,69,90,10,19,46,67,79,42,59,52,30,31,44,41,70,72,51,64,69,108,36,26,34,32,82,46,103,6,59,54,77,38,96,10,135,31,33,36,77,26,47,64,67,81,59,70,81,88,91,104,79,103,106,75,82,68,62,95,105,69,13,14,39,63,16,21,33,21,36,31,25,54,37,20,20,38,62,26,3,93,65,78,60,62,93,14,46,66,107,35,15,55,48,80,11,11,16,45,43,89,55,108,33,64,88,72,11,104,39,40,42,67,102,108,27,97,68,67,80,129,80,87,60,38,73,72,80,88,63,87,37,42,21,95,73,54,57,69,109,7,40,58,68,51,54,17,35,52,89,66,37,64,44,65,87,27,106,72,60,75,58,76,49
20150501,4,O3_24h,226,252,200,241,98,159,226,252,230,188,214,221,152,140,155,154,146,160,75,165,175,248,150,171,141,208,195,235,193,163,171,173,60,230,238,166,126,206,216,175,232,198,178,181,96,205,189,306,215,127,196,233,138,187,105,75,162,106,75,249,183,139,87,70,138,190,94,102,143,163,82,84,104,74,115,144,156,175,152,139,157,209,251,213,214,216,263,189,146,198,182,217,128,118,240,130,139,93,66,112,161,67,178,189,70,55,211,206,133,136,154,136,124,138,148,154,187,104,158,99,56,97,135,184,106,190,251,175,164,152,226,205,120,134,84,93,132,44,142,154,121,147,115,156,68,79,157,143,146,164,111,164,111,129,105,97,103,203,189,103,115,135,133,137,113,152,110,121,111,103,212,188,99,177,197,192,125,113,208,207,137,95,141,161,,87,181,129,146,96,219,119,124,194,85,99,145,105,122,222,112,119,125,145,163,192,174,199,205,107,126,170,121,137,119,101,112,139,114,97,100,112,120,190,72,58,96,133,189,177,132,427,96,63,124,113,135,157,171,106,130,209,219,145,101,143,184,192,160,172,171,173,171,146,181,173,155,161,181,199,200,190,183,147,132,120,124,178,75,67,122,127,101,137,28,70,92,101,93,75,96,90,100,143,150,154,242,223,150,78,67,132,190,88,93,127,89,117,53,136,35,83,53,118,128,109,112,83,120,114,129,164,131,113,72,125,104,114,83,104,123,137,143,172,174,119,152,89,133,103,140,129,98,180,82,63,115,120,97,120,116,95,176,31,69,93,115,59,92,18,63,80,100,131,88,87,88,110,87,106,178,114,155,147,100,115,144
20150501,4,O3_8h,112,59,95,67,42,51,118,220,142,89,84,112,47,97,77,79,71,60,41,84,72,61,81,79,67,49,34,40,38,67,75,90,33,94,145,78,66,98,75,75,77,101,99,144,40,147,65,95,84,100,87,100,25,13,30,36,18,26,15,22,64,35,20,13,60,71,53,62,110,66,28,35,45,21,38,45,81,103,81,86,94,69,65,102,119,45,75,80,92,90,87,95,70,86,74,55,122,30,29,30,125,35,30,100,16,35,131,138,95,56,59,114,69,36,34,94,58,77,48,62,45,64,49,68,57,106,80,108,106,36,91,56,32,68,13,61,66,33,74,58,64,84,57,92,34,42,88,72,57,59,48,79,95,93,60,65,84,77,90,46,89,47,78,64,82,68,56,49,63,84,64,24,31,52,42,62,40,120,76,110,97,36,60,98,,29,74,83,66,49,135,88,83,127,42,72,104,74,78,108,87,88,80,89,64,81,29,22,52,71,88,48,89,75,66,38,64,71,66,63,44,68,76,103,38,31,47,40,87,52,96,12,68,51,82,53,68,35,124,25,33,62,91,40,45,53,80,80,74,75,88,95,108,101,98,111,123,98,101,92,81,115,125,78,31,24,41,80,16,40,49,32,20,53,26,51,48,38,38,26,65,39,16,82,66,104,89,89,93,15,54,61,115,52,18,65,57,80,17,41,17,32,35,92,60,105,47,68,86,85,15,111,50,66,47,76,94,92,32,97,76,57,68,135,130,85,63,65,73,74,81,86,79,94,58,45,52,93,74,69,80,76,114,8,41,60,79,42,58,17,35,60,66,81,36,66,53,73,61,37,119,83,90,81,54,78,56
20150501,4,O3_8h_24h,210,198,177,211,83,110,201,234,217,178,190,204,134,127,141,142,116,143,69,141,154,196,140,138,125,171,162,197,168,133,153,151,52,194,200,151,112,184,192,158,181,184,167,176,81,172,155,153,193,113,175,196,116,147,82,58,125,81,56,185,147,112,71,53,116,163,85,96,135,138,70,74,85,67,97,125,128,160,137,133,139,137,214,195,201,187,204,170,107,184,168,188,120,100,187,109,131,69,56,86,139,54,153,163,60,52,195,193,124,112,134,123,114,120,130,135,168,101,140,95,51,85,117,153,99,180,201,162,154,135,190,159,100,118,66,84,109,40,128,123,111,129,97,142,59,70,142,127,134,135,102,152,104,124,98,91,99,192,165,98,104,109,123,125,82,140,97,107,102,98,166,161,86,154,169,165,110,93,186,179,130,77,105,146,,79,165,122,128,85,203,111,119,178,81,109,124,96,110,197,106,91,131,133,140,179,155,162,188,104,117,158,110,129,113,128,115,119,114,89,98,102,110,164,61,49,85,108,165,93,117,253,81,56,115,88,124,122,158,92,112,146,196,118,92,121,168,172,146,153,151,163,162,140,164,162,142,137,164,177,176,173,172,136,102,87,105,155,56,60,101,94,89,100,26,59,70,91,73,65,90,78,89,128,131,143,183,172,137,65,61,128,155,84,81,115,83,106,42,115,24,74,48,113,124,105,100,80,104,106,103,116,114,101,61,109,101,110,79,100,114,129,131,161,160,118,141,79,126,124,137,142,107,180,81,53,94,111,93,114,112,91,157,25,69,88,107,55,85,17,59,72,87,118,81,83,81,100,77,91,169,101,138,117,92,105,123
20150501,4,CO,1.333,0.651,0.839,2.597,1.004,0.665,0.993,0.939,1.003,2.505,0.981,1.064,0.953,1.682,0.602,1.71,0.393,0.707,0.393,0.52,1.099,0.618,0.409,0.842,1.269,1.582,0.99,1.425,1.913,0.85,0.786,0.427,1.635,1.005,0.854,0.93,0.66,0.733,0.503,0.786,0.485,0.661,0.594,0.482,1.145,0.604,0.496,0.984,1.247,0.739,1.51,0.966,0.801,0.697,0.778,0.563,0.603,0.73,0.381,0.641,0.626,0.626,0.964,0.335,0.613,0.601,0.547,0.906,0.374,1.19,0.645,0.816,0.669,1.02,1.282,1.27,0.714,0.381,0.65,0.404,0.787,1.17,0.772,1.63,1.236,2.207,2.397,0.838,0.777,0.733,1.639,1.005,0.475,0.439,1.141,0.742,0.803,0.724,0.54,0.881,0.61,0.555,0.691,0.898,1.147,0.924,1.349,1.088,0.999,1.314,1.579,0.85,1.243,1.299,1.626,0.597,0.669,0.481,0.476,0.471,0.695,1.874,0.994,1.249,1.471,1.707,1.38,0.769,1.148,1.147,0.956,0.938,0.745,1.228,1.385,0.783,0.611,0.466,0.535,0.799,1.187,0.485,0.586,0.701,0.523,0.774,0.752,0.687,0.552,1.353,0.876,0.364,1.067,0.526,0.403,0.838,0.586,0.362,2.187,0.938,0.414,0.413,0.468,0.38,0.659,0.551,0.364,0.211,1.015,0.468,0.751,0.804,0.619,0.987,0.921,1.218,1.025,0.605,0.74,0.528,0.506,0.952,0.941,0.834,,0.326,0.684,1.127,0.634,1.408,0.786,1.321,1.483,0.933,2.653,0.415,0.778,0.236,0.333,0.39,0.503,0.509,0.596,1.105,0.735,0.429,1.011,1.363,0.867,0.516,0.23,0.764,1.029,0.889,1.036,0.111,0.409,0.546,0.218,0.543,0.306,0.894,0.804,0.504,1.094,0.509,0.132,1.051,0.852,0.29,0.772,0.35,0.69,1.095,0.756,1.043,1.077,1.102,0.847,0.545,0.97,1.636,0.481,1.165,0.613,0.8,0.987,0.838,0.795,0.63,1.173,0.832,0.945,0.93,0.599,0.673,1.468,0.866,1.345,0.951,1.839,1.404,1.035,0.935,1.018,0.798,0.793,0.579,1.464,0.541,1.497,1.353,0.353,0.383,0.323,0.987,1.263,0.719,2.015,0.58,0.921,0.758,0.79,0.373,0.689,0.37,0.815,0.491,0.638,0.736,0.784,0.696,0.424,0.249,0.669,0.937,0.573,0.35,0.488,1.507,0.55,0.605,0.351,0.859,0.674,0.417,1.221,0.498,0.49,0.021,0.645,0.529,0.403,0.62,0.555,3.068,0.286,0.14,1.901,2.914,0.248,0.734,2.819,1.653,2.345,0.766,0.388,1.094,0.432,0.536,0.859,2.019,0.753,0.433,0.524,0.387,1.03,0.193,0.44,0.214,0.514,0.526,0.23,1.173,1.605,0.363,0.635,0.344,0.869,1.185,0.578,0.261,1.276,0.707,1.41,0.706,0.439,0.222,0.405,0.255,0.758,1.169,0.69,1.093,1.986,3.187,1.096
20150501,4,CO_24h,1.137,0.819,1.01,1.95,1.627,1.182,1.065,1.137,1.198,1.812,0.832,1.081,1.088,1.683,0.777,1.049,0.58,0.727,0.448,0.841,0.728,1.003,0.642,0.975,1.409,1.042,1.066,1.213,1.439,0.715,0.974,0.688,1.506,0.804,0.86,0.944,0.533,0.784,0.649,0.679,0.617,0.723,0.648,0.638,0.924,0.678,0.647,1.016,1.133,0.697,1.467,0.953,0.905,0.947,0.848,0.591,0.754,0.859,0.528,0.775,0.731,0.916,0.884,0.702,0.759,1.002,0.633,0.966,0.558,1.599,0.645,0.97,0.677,0.701,0.932,1.035,0.994,0.782,0.63,0.549,0.851,1.632,1.168,1.593,1.465,2.323,2.329,1.136,0.873,0.692,1.265,1.308,0.539,0.515,1.186,1.274,1.035,0.8,0.677,1.02,0.738,0.786,1.002,1.065,1.16,0.82,1.524,1.447,1.038,1.596,1.661,0.988,1.43,1.207,1.452,1.016,0.679,0.618,0.622,0.54,0.624,1.128,0.809,1.49,1.483,1.81,1.195,0.809,1.269,1.145,1.193,0.994,0.98,1.248,1.199,0.784,0.833,0.489,0.987,0.924,1.402,0.739,0.872,0.99,0.95,0.758,0.885,1.229,0.998,1.653,1.251,0.779,1.01,0.512,0.388,0.98,0.43,0.584,2.01,0.576,0.459,0.539,0.463,0.432,0.794,0.603,0.552,0.287,1.094,0.573,1.03,1.359,1.176,0.843,1.132,0.682,1.026,0.738,0.841,0.572,0.762,0.752,0.786,0.76,,0.363,0.714,1.246,0.852,1.911,0.851,1.39,1.658,1.094,2.993,0.458,0.57,0.302,0.379,0.63,0.44,0.454,0.623,1.407,1.065,1.383,0.962,1.254,0.919,0.619,0.325,0.795,0.801,0.433,0.596,0.285,0.391,0.58,0.249,0.482,0.342,0.798,0.705,0.639,0.875,0.719,0.147,0.828,0.635,0.307,0.7,0.506,0.636,1.055,0.869,1.458,1.149,1.124,0.984,0.668,1.085,0.949,0.754,1.318,0.741,0.996,1.104,0.709,0.936,0.742,1.226,0.962,0.834,1.006,0.607,1.169,1.433,0.901,1.221,1.094,1.428,1.342,1.001,1.132,0.946,0.845,0.864,0.922,1.404,0.541,1.352,1.562,0.497,0.938,0.337,0.988,1.146,0.779,2.027,0.843,0.994,0.676,0.726,0.475,0.783,0.531,1.292,0.635,0.752,0.751,0.927,0.979,0.749,0.258,0.754,1.074,0.479,0.373,0.563,2.011,0.566,0.627,0.313,0.98,0.776,0.545,1.261,0.537,0.559,0.125,0.622,0.46,0.506,0.601,0.552,3.295,0.314,0.213,1.868,2.907,0.239,0.982,3.167,1.606,2.736,0.726,0.552,0.91,0.561,0.861,0.617,2.27,0.627,0.607,0.551,0.536,1.171,0.413,0.324,0.256,0.325,0.568,0.401,0.717,1.59,0.526,0.735,0.515,0.417,1.001,0.463,0.628,1.051,0.85,1.464,0.625,0.428,0.351,0.511,0.321,0.803,1.461,0.923,1.248,2.235,3.502,1.224
20150501,5,AQI,245,85,143,182,87,110,168,151,138,256,164,142,126,143,117,94,72,87,60,56,147,81,50,56,139,178,98,105,143,89,64,46,83,127,92,98,96,109,74,121,50,92,89,83,81,90,75,77,135,51,119,83,55,25,41,18,24,19,19,33,53,28,40,14,41,36,43,46,56,75,60,80,73,108,62,60,122,63,60,45,67,137,120,178,128,117,156,136,48,85,141,89,38,45,93,27,78,15,15,77,67,18,21,109,22,36,86,89,69,64,118,130,67,59,79,64,110,41,89,54,83,106,82,94,124,88,177,124,122,114,83,87,54,50,98,30,32,17,37,94,56,43,87,45,73,63,43,50,114,121,33,108,47,54,64,55,58,80,83,40,45,54,45,54,46,52,50,30,32,43,85,85,69,116,72,137,105,78,117,121,50,119,149,78,,132,100,80,64,88,67,92,112,103,53,73,128,53,61,102,52,406,66,94,66,56,86,76,89,59,67,63,57,88,54,26,42,53,42,33,34,93,94,70,89,75,50,189,63,52,75,70,42,81,76,63,93,63,96,75,70,103,71,67,50,72,98,119,80,125,104,111,111,79,105,93,85,92,105,116,98,87,91,75,110,48,54,60,74,60,119,57,75,25,27,39,41,33,61,45,35,56,49,43,70,114,61,85,52,70,65,31,59,31,23,42,77,40,66,61,26,40,18,51,60,56,34,42,44,46,59,58,55,30,24,52,47,124,95,53,38,31,55,88,103,92,32,59,50,50,59,46,50,45,58,25,116,48,94,67,94,81,65,87,51,45,57,30,52,69,162,362,289,74,23,34,41,35,256,33,90,61,76,74,83,90,83
20150501,5,PM2.5,194,62,109,137,64,82,127,69,105,205,124,108,95,109,65,70,52,54,35,39,112,59,35,39,106,134,73,78,109,66,45,25,61,96,68,73,71,81,53,91,35,68,66,56,59,47,54,54,102,12,89,59,38,15,23,11,15,13,13,23,34,15,20,8,22,7,26,23,25,33,39,41,27,53,34,42,87,31,42,31,48,104,90,134,97,88,118,103,25,60,107,66,25,21,69,13,57,7,10,56,43,10,14,81,13,17,63,64,49,45,87,98,38,36,54,45,72,15,56,37,61,79,60,68,93,65,133,93,92,85,61,64,34,35,73,9,17,7,10,70,27,19,64,10,27,44,16,31,56,47,17,55,11,15,34,26,21,51,61,21,10,37,19,37,18,35,18,13,12,20,62,62,49,87,52,104,78,57,88,91,15,89,114,57,,100,75,58,45,58,39,67,73,76,36,23,97,16,27,75,21,91,25,70,47,37,63,47,66,24,27,41,22,34,32,11,29,33,19,20,11,69,70,50,66,54,34,142,44,34,54,39,29,59,55,44,69,44,71,54,50,72,38,48,35,52,73,89,58,94,77,83,83,43,78,69,62,68,78,87,73,64,67,54,82,33,37,24,53,42,89,39,54,17,13,17,20,16,30,13,24,34,30,8,31,85,43,62,26,50,34,1,38,12,16,28,56,18,40,43,7,28,6,27,30,12,21,27,9,32,24,33,21,9,10,17,14,93,37,30,1,8,28,65,40,39,12,31,20,16,37,23,23,19,27,9,87,24,61,45,65,35,39,64,25,22,25,13,12,21,90,152,118,21,16,12,13,13,103,15,62,43,55,53,61,43,61
20150501,5,PM2.5_24h,132,107,105,153,78,79,120,85,95,153,89,101,92,81,49,48,36,47,38,65,42,75,55,58,50,66,74,59,48,55,58,43,48,69,58,71,60,50,59,59,42,57,56,67,43,58,58,44,101,28,91,60,62,36,25,14,28,20,16,36,31,41,22,13,35,78,28,24,25,56,58,38,67,33,55,50,78,55,33,40,47,132,80,124,114,144,117,92,41,55,69,77,44,29,84,40,56,13,15,55,37,14,46,68,23,22,81,70,49,48,82,67,41,29,45,61,51,22,54,42,36,39,51,80,72,63,127,84,81,78,72,76,62,70,57,15,34,8,61,70,30,38,95,65,73,48,32,57,62,65,61,60,46,24,105,21,35,81,59,29,27,43,30,32,29,38,33,31,21,21,73,59,67,81,60,41,81,46,58,56,52,54,66,43,,55,64,66,51,55,58,54,62,98,38,116,73,25,93,68,36,82,111,67,54,66,55,56,73,29,48,42,26,33,27,16,29,39,17,30,10,45,43,46,55,50,34,72,44,44,48,53,33,47,54,41,45,36,62,60,58,61,51,67,68,76,78,75,61,85,81,83,69,54,89,76,63,66,75,62,60,60,62,61,78,31,58,47,52,50,87,67,69,33,16,18,18,27,41,46,23,28,23,22,60,80,89,77,35,54,46,33,65,17,33,28,54,27,38,44,13,31,7,37,39,12,40,17,15,37,20,41,32,17,13,22,15,27,52,41,5,42,63,54,57,66,51,89,27,93,31,56,53,58,42,29,72,29,57,38,54,42,45,154,96,78,34,28,13,19,112,242,224,23,16,10,15,12,152,16,53,57,49,53,41,36,56
20150501,5,PM10,222,92,159,189,91,129,162,138,171,272,226,154,171,197,181,135,83,121,67,28,151,57,41,60,108,193,105,150,142,102,64,31,94,149,99,113,102,89,66,121,46,88,91,76,105,67,80,102,169,24,144,113,45,24,40,17,23,16,15,28,53,27,39,13,40,16,42,45,50,98,67,107,93,163,71,49,191,73,64,34,58,123,123,196,136,161,185,185,36,117,186,103,37,31,123,17,74,12,14,68,52,15,20,70,21,35,93,126,86,73,183,142,81,65,106,51,168,40,126,53,83,96,96,135,106,84,211,148,146,114,95,108,55,35,108,26,29,14,20,91,60,35,104,27,93,61,25,49,176,189,32,163,38,55,75,57,63,107,89,39,,43,44,52,35,52,49,14,17,32,71,70,64,114,74,141,105,69,112,130,22,132,179,93,,108,126,90,61,123,63,131,172,146,47,93,144,53,69,152,51,505,79,116,77,59,102,99,97,66,82,74,61,124,56,25,40,53,29,20,33,110,101,70,126,90,49,155,66,51,94,87,40,77,68,59,87,74,75,94,79,153,89,60,43,71,104,133,97,126,96,97,136,106,101,108,88,99,149,126,126,89,107,84,107,47,44,68,55,54,129,62,78,24,26,38,40,32,70,44,33,59,48,16,88,111,68,80,51,73,77,10,62,30,21,41,80,33,79,68,25,39,15,50,68,28,33,41,19,,65,39,57,,22,51,21,8,137,53,5,11,57,94,153,99,26,65,49,49,65,45,49,,64,24,132,47,136,82,135,109,78,72,50,44,61,29,52,86,272,468,411,96,16,15,40,23,388,32,127,61,,62,104,128,97
20150501,5,PM10_24h,167,127,170,200,124,151,175,189,168,215,170,166,185,172,190,95,65,113,99,102,80,100,77,100,90,107,111,110,106,82,91,73,89,103,91,111,83,83,80,81,60,88,76,88,89,88,94,106,182,59,168,142,99,57,53,34,49,32,31,53,56,62,48,29,65,136,47,53,44,160,140,104,294,127,98,82,191,156,55,61,72,180,158,205,161,191,216,171,70,118,112,134,78,51,151,62,74,28,25,74,58,29,88,66,40,37,126,185,105,79,186,133,91,66,107,87,116,65,127,84,55,63,94,148,120,116,217,147,155,134,127,128,104,108,84,35,54,19,96,111,56,63,141,115,124,75,43,123,134,172,143,175,159,45,495,67,120,160,92,69,40,71,58,56,54,68,91,46,36,41,104,81,95,120,88,79,112,66,86,90,76,107,103,70,,96,124,113,85,106,126,132,95,176,87,329,199,68,295,164,86,260,260,137,111,108,92,111,121,95,118,89,85,90,75,36,65,116,62,89,37,80,77,84,105,75,49,98,74,74,79,87,45,64,71,80,73,62,77,130,102,119,122,97,101,128,130,115,105,146,136,120,127,140,127,130,94,107,121,125,105,85,108,106,108,54,81,118,69,64,135,116,104,68,30,39,38,43,84,114,38,49,41,61,138,107,139,113,80,89,86,59,103,34,50,46,74,46,86,82,32,44,20,50,86,27,55,31,36,38,60,52,59,25,32,35,26,59,157,37,16,71,155,93,109,244,93,257,73,255,52,161,138,106,97,55,135,49,95,81,109,116,92,415,306,264,87,93,57,81,336,1073,767,79,32,28,74,68,571,32,114,92,62,67,95,120,103
20150501,5,SO2,15,22,58,146,18,16,26,50,37,28,35,27,30,37,7,63,9,14,12,7,26,10,10,12,13,51,19,36,52,23,15,4,10,19,16,14,20,19,11,5,4,42,41,5,16,3,9,26,40,11,21,23,18,11,6,3,11,7,7,8,7,34,8,3,5,5,8,55,6,12,6,7,15,10,44,14,10,3,11,6,11,40,15,71,43,95,84,50,6,25,155,39,12,5,48,10,7,4,3,5,7,2,17,9,7,23,38,15,44,14,33,24,12,17,20,36,13,14,19,10,25,29,47,35,13,24,38,60,60,8,12,46,10,7,20,5,11,3,7,15,23,6,11,5,3,7,9,8,4,5,6,11,18,25,46,4,4,26,46,15,4,10,7,10,10,14,6,5,13,9,11,17,12,28,17,20,36,21,15,22,12,15,17,27,,15,12,15,5,21,22,49,18,34,56,22,36,43,4,11,8,4,2,47,28,9,13,10,3,8,2,9,21,13,25,3,12,8,124,6,44,28,9,18,35,74,6,26,17,37,10,38,14,37,2,8,23,8,3,9,19,37,26,17,23,27,17,104,29,25,18,11,77,17,23,19,19,35,30,18,21,24,21,61,13,11,63,19,7,64,20,30,1,11,2,10,19,47,27,18,8,37,12,10,3,10,40,4,12,4,12,9,7,5,12,16,11,26,41,11,9,6,3,8,22,14,5,14,5,4,11,8,7,2,10,6,5,10,31,9,3,6,9,27,7,438,5,4,26,2,11,4,3,9,7,8,12,3,10,19,21,2,3,9,4,3,4,1,11,15,16,17,196,8,14,3,10,1,3,11,9,18,9,15,15,22,20
20150501,5,SO2_24h,15,19,48,61,26,32,36,47,34,35,36,30,38,36,21,33,10,12,9,20,16,23,19,29,22,38,28,36,33,26,21,14,15,22,21,20,25,21,26,8,7,32,27,8,15,7,12,30,30,16,24,24,21,12,10,5,14,9,9,13,7,25,9,4,14,21,9,26,8,19,8,12,16,12,27,18,30,23,13,11,8,62,33,53,31,92,71,55,15,27,54,38,14,12,67,23,10,5,4,7,9,4,26,14,8,15,26,40,29,33,53,23,22,23,31,61,19,11,25,8,24,18,49,42,23,22,48,45,52,14,30,37,19,9,24,5,15,3,17,27,32,15,21,19,12,9,16,15,18,12,12,22,6,12,56,10,5,44,57,20,9,17,12,14,12,24,22,9,15,13,33,33,22,30,36,21,34,17,22,29,22,11,21,24,,20,16,15,7,20,52,48,40,61,73,24,16,45,7,26,4,9,2,49,22,24,14,21,5,4,2,11,21,10,15,3,9,13,12,15,26,21,7,35,38,32,6,21,17,25,9,31,30,30,2,17,23,13,6,13,27,65,43,33,24,33,32,73,36,35,20,16,32,23,15,26,21,25,32,32,13,18,19,29,20,16,53,33,13,55,26,39,4,18,2,13,16,46,24,18,6,19,7,17,18,26,43,13,34,6,17,12,35,5,17,22,13,27,73,17,10,7,9,11,66,16,11,15,11,3,12,6,31,2,5,7,4,10,36,11,3,8,16,20,45,189,10,3,16,10,5,11,4,14,12,15,13,5,5,14,21,3,7,4,3,5,7,3,13,16,10,18,77,7,14,4,8,10,3,12,13,28,10,18,23,19,30
20150501,5,NO2,57,36,55,88,55,23,35,18,28,50,47,23,52,24,9,65,43,47,40,13,44,35,6,25,44,40,50,68,54,39,17,9,20,45,42,42,62,42,28,36,12,60,47,20,28,12,25,20,38,11,42,36,29,23,16,10,14,5,7,32,9,16,33,7,11,11,24,25,12,12,34,33,24,66,39,24,14,5,43,12,10,44,54,37,30,83,70,27,23,35,43,40,33,19,49,17,6,7,3,18,4,5,27,4,34,25,25,7,25,21,82,9,24,42,63,32,40,9,12,21,23,31,36,42,23,30,36,36,35,28,20,41,11,6,28,13,21,10,6,15,44,7,12,6,6,21,10,10,4,12,13,14,13,34,13,21,8,44,38,20,11,45,17,30,11,15,22,8,13,4,26,36,77,50,33,38,46,9,35,36,3,25,41,50,,36,53,32,25,29,18,26,10,26,6,23,13,14,10,20,9,3,3,19,40,19,55,40,19,16,15,27,28,24,38,10,34,24,13,12,26,28,22,14,58,22,12,69,39,29,15,5,24,20,13,21,9,32,8,15,7,21,20,27,4,15,17,32,36,29,49,24,33,18,24,21,21,46,40,19,30,43,9,16,15,28,8,13,20,31,25,29,3,23,2,9,16,15,15,5,8,28,26,5,5,10,25,21,9,31,16,5,7,6,25,16,51,5,12,24,8,10,3,10,16,2,13,9,3,11,24,18,38,3,10,7,7,3,25,2,2,9,6,11,8,7,11,15,12,34,20,7,11,9,53,9,44,11,9,23,25,14,13,13,9,10,16,4,59,10,6,1,9,17,18,5,16,7,1,13,23,31,16,6,30,11,18
20150501,5,NO2_24h,47,27,40,59,33,30,40,23,32,29,39,24,57,29,31,43,37,39,40,39,51,55,18,27,34,30,43,46,40,23,23,19,30,35,41,44,41,34,38,25,18,46,31,19,26,23,34,34,37,23,49,47,33,41,34,15,30,11,12,34,19,32,27,13,33,50,28,26,15,26,32,29,19,44,36,20,34,20,26,9,12,41,46,33,24,63,62,25,39,26,28,37,56,37,35,26,15,13,7,21,9,9,42,13,21,18,24,24,25,26,60,15,34,41,54,34,36,16,14,22,27,27,29,38,26,31,42,38,29,34,35,29,16,51,31,13,23,10,33,28,34,21,20,21,18,25,16,23,21,34,26,26,9,17,11,16,20,41,34,18,13,56,16,28,50,18,26,20,22,7,34,38,48,33,33,33,45,20,47,41,17,20,30,47,,35,31,31,30,23,28,20,14,33,12,13,17,26,15,31,13,8,5,20,32,38,32,46,26,15,18,30,18,11,20,10,20,19,15,16,16,27,16,25,52,19,9,54,44,27,17,9,24,17,17,30,13,27,22,25,15,27,20,24,17,19,21,27,42,33,49,31,20,23,19,24,24,45,30,34,22,27,12,20,15,28,17,19,27,33,26,31,12,23,3,15,14,13,12,12,11,24,17,24,26,21,47,26,22,33,24,26,16,7,31,23,39,11,7,28,9,25,7,7,28,10,15,10,11,12,26,18,26,2,13,16,8,13,29,6,3,15,16,11,16,11,18,11,13,36,21,16,14,16,63,18,35,13,13,12,18,16,22,10,7,13,17,7,26,8,15,13,21,17,14,7,12,8,15,14,21,28,21,15,36,13,29
20150501,5,O3,48,26,28,9,28,36,89,189,97,28,58,80,23,78,70,35,35,37,46,101,77,46,98,44,38,9,17,8,7,28,55,97,26,49,95,53,41,34,45,46,57,65,74,114,42,138,63,75,64,98,80,99,24,12,38,38,17,28,18,13,62,30,9,18,82,87,56,60,86,50,18,17,28,9,21,25,67,102,66,67,78,50,23,70,72,21,47,48,98,58,41,49,72,82,38,54,122,29,32,25,93,34,9,115,2,24,109,78,60,39,17,110,85,19,17,83,40,76,38,66,45,49,30,42,50,87,75,94,70,20,70,26,26,80,7,54,51,25,83,56,33,78,50,81,29,29,81,70,48,62,46,69,77,64,45,65,101,64,52,43,90,51,53,54,100,50,51,88,67,83,42,29,8,26,33,47,26,77,49,73,111,16,38,71,,24,24,52,51,24,82,54,41,81,37,40,124,119,70,77,82,68,75,76,48,111,10,12,44,62,74,38,54,47,28,29,36,43,70,69,45,58,62,98,29,28,33,21,91,42,97,6,60,53,71,29,98,7,130,31,31,36,76,21,42,37,55,79,61,64,69,90,80,92,77,93,100,94,68,75,61,75,109,60,23,16,37,59,25,20,34,19,53,20,23,55,34,19,18,32,56,27,2,99,68,75,55,61,102,13,47,67,96,30,17,48,45,84,11,11,15,54,43,71,76,109,33,66,88,59,21,92,13,34,39,65,89,103,26,97,74,63,76,100,78,84,55,45,60,50,92,86,55,84,32,41,11,85,74,52,47,65,109,6,37,52,64,46,46,17,42,52,88,59,15,61,35,59,80,33,99,64,56,83,62,78,58
20150501,5,O3_24h,227,252,200,241,98,159,226,252,230,188,214,221,152,140,155,154,146,160,76,165,175,248,150,171,141,208,195,235,193,163,171,173,60,230,238,166,126,206,216,175,232,198,178,181,96,204,189,306,215,127,196,233,138,187,105,75,162,106,86,249,183,139,87,70,138,190,94,102,143,163,82,84,104,74,115,144,156,175,152,139,157,209,251,213,214,216,263,189,146,198,182,217,128,118,240,130,139,93,66,112,161,67,178,189,70,55,211,206,133,136,154,136,124,138,148,154,187,104,158,99,56,97,135,184,106,190,251,175,164,152,226,205,120,134,84,93,132,44,142,154,121,147,115,156,68,79,157,143,125,164,111,164,111,129,105,97,104,203,189,103,115,135,133,137,113,152,110,121,111,103,212,188,99,177,197,192,125,113,208,207,137,95,141,161,,87,181,129,146,96,219,119,124,194,85,99,145,119,122,222,112,119,108,153,163,192,174,199,205,107,126,170,121,136,119,101,112,139,114,97,99,112,120,190,72,58,96,133,189,111,132,427,96,63,124,113,135,157,171,106,130,209,219,145,101,143,184,192,160,172,171,173,171,146,181,173,155,161,181,199,200,190,183,147,132,120,124,178,75,67,122,127,101,137,28,70,92,101,93,75,96,90,100,143,150,154,242,223,150,78,67,129,190,88,93,127,89,117,53,136,35,83,53,118,128,110,112,83,120,114,129,164,131,113,72,125,104,114,83,104,123,137,143,172,174,117,143,89,133,103,140,129,98,178,82,63,115,120,97,120,116,95,176,30,69,93,115,59,92,18,63,80,100,131,88,87,88,110,87,106,178,114,155,147,100,115,144
20150501,5,O3_8h,97,47,82,53,37,48,110,215,135,72,75,103,40,92,72,73,66,55,42,86,69,54,84,73,62,43,28,34,32,58,69,91,32,83,135,72,60,88,64,66,69,98,95,138,40,146,64,94,81,100,83,100,24,10,32,35,16,26,18,17,65,31,16,13,62,71,54,61,105,60,24,31,41,15,34,40,79,103,75,80,91,65,56,95,111,38,70,73,94,83,75,85,67,89,66,53,122,29,29,26,119,34,19,101,12,33,125,124,87,53,49,114,69,31,28,91,53,78,43,63,44,62,43,61,54,102,77,106,97,30,87,48,27,65,11,59,62,32,72,60,60,84,57,89,32,41,85,66,50,60,46,77,92,86,55,63,87,73,83,45,88,49,72,61,90,64,55,58,63,85,53,24,25,47,39,53,36,109,69,101,99,31,53,91,,27,63,78,62,43,119,81,74,116,40,66,110,82,76,96,87,88,78,92,59,84,23,19,51,69,85,43,82,68,59,35,58,62,66,65,45,67,77,104,37,30,43,34,85,50,97,12,66,50,80,54,71,27,126,26,30,56,87,35,45,47,71,77,69,71,81,91,103,99,92,108,118,95,95,85,71,108,117,73,28,22,39,75,17,35,45,28,22,49,26,52,46,32,34,27,66,35,10,85,65,99,84,84,92,13,54,61,109,47,16,60,54,79,13,33,17,33,35,87,59,106,41,66,87,81,13,108,43,59,46,73,92,93,28,98,74,60,68,134,119,85,63,63,65,72,80,86,76,89,54,44,45,93,73,62,72,72,108,7,39,59,75,42,52,17,35,58,69,76,29,66,48,69,64,35,114,79,83,82,54,76,56
20150501,5,O3_8h_24h,210,198,177,211,83,110,201,234,217,178,190,204,134,127,141,142,116,143,69,141,154,196,140,138,125,171,162,197,168,133,153,151,52,194,200,151,112,184,192,158,181,184,167,176,81,172,155,153,193,114,175,196,116,147,82,58,125,81,63,185,147,112,71,53,116,163,85,96,135,138,69,74,84,67,97,125,128,160,137,133,139,137,214,195,201,187,204,170,107,184,168,188,120,102,187,109,131,69,56,86,139,54,153,163,60,52,195,193,124,112,134,123,114,120,130,135,168,101,140,95,51,85,117,153,99,180,201,162,154,135,190,159,100,118,66,84,109,40,128,123,111,129,97,142,59,70,142,127,118,135,101,152,104,124,97,91,99,192,165,98,104,109,123,125,90,140,97,107,102,98,166,161,86,154,169,165,110,93,186,179,130,77,105,146,,79,165,122,128,85,203,111,112,178,81,104,124,96,108,197,106,91,126,141,140,179,155,162,188,104,117,158,110,129,113,118,113,119,112,89,98,102,110,164,61,49,85,108,165,93,117,253,81,56,115,88,124,122,158,92,112,146,196,118,92,121,168,172,146,153,151,163,162,140,164,162,142,137,164,177,176,173,172,136,102,87,105,155,56,60,101,94,89,100,26,59,70,91,73,65,90,78,89,127,131,143,183,172,137,65,61,127,155,84,81,115,83,106,42,115,24,74,48,113,124,106,100,80,104,106,103,116,114,101,61,109,101,110,79,100,114,129,131,161,160,118,140,79,126,121,137,140,103,179,76,53,94,110,93,114,112,91,157,25,67,88,107,55,85,17,59,72,87,118,81,83,81,100,77,91,169,101,138,117,92,105,123
20150501,5,CO,1.425,0.678,0.83,4.939,1.067,0.71,1.036,0.943,0.997,2.617,0.973,1.083,1.188,1.642,0.539,1.468,0.442,0.75,0.387,0.518,1.062,0.633,0.409,0.712,1.41,1.456,0.872,1.544,1.958,1.122,0.771,0.453,1.639,1.02,0.861,0.948,0.657,0.79,0.512,0.845,0.496,0.72,0.622,0.513,1.253,0.602,0.477,0.959,1.22,0.704,1.503,0.88,0.781,0.701,0.782,0.581,0.629,0.722,0.466,0.63,0.634,0.602,0.96,0.321,0.605,0.475,0.532,0.86,0.357,1.216,0.733,0.919,0.677,1.007,1.473,1.29,0.735,0.379,0.553,0.431,0.819,1.136,0.771,1.644,1.541,2.368,2.467,0.878,0.845,0.842,1.61,1.089,0.498,0.424,1.203,0.765,0.809,0.724,0.528,0.884,0.585,0.55,0.641,0.812,1.136,0.969,1.364,1.171,1.094,1.346,1.583,0.803,1.117,1.315,1.561,0.606,0.678,0.518,0.507,0.462,0.791,1.38,1.045,1.244,2.164,1.857,1.298,0.792,1.178,1.189,1.092,0.982,0.688,1.257,1.368,0.782,0.615,0.472,0.504,0.824,1.457,0.502,0.631,0.667,0.476,0.826,0.776,0.712,0.546,1.333,0.879,0.362,1.419,0.699,0.42,0.855,0.537,0.408,2.288,0.948,0.41,0.421,0.698,0.39,0.668,0.549,0.394,0.208,1.012,0.469,0.744,0.813,0.595,0.956,1.041,1.184,0.977,0.597,0.743,0.45,0.51,0.982,1.059,0.775,,0.396,0.679,1.145,0.661,2.08,0.881,1.348,1.426,0.914,2.565,0.609,0.808,0.347,0.326,0.342,0.44,0.546,0.582,1.051,1.116,0.587,0.991,1.501,0.865,0.639,0.257,0.744,1.01,1.171,1.41,0.132,0.526,0.493,0.225,0.52,0.252,0.931,0.929,0.55,1.097,0.535,0.126,1.183,0.837,0.293,0.777,0.37,0.717,1.149,0.783,1.395,1.074,1.174,0.854,0.57,0.975,1.402,0.545,1.204,0.625,0.774,0.946,0.85,0.771,0.703,1.153,0.84,0.963,0.971,0.63,0.829,1.429,0.851,2.525,0.919,1.805,1.506,1.027,1.015,0.975,0.848,0.747,0.59,1.445,0.575,1.479,1.497,0.441,0.408,0.309,0.929,1.216,0.645,2.08,0.619,0.975,0.738,0.766,0.372,0.561,0.394,0.808,0.486,0.584,0.752,0.901,0.652,0.285,0.286,0.451,1.038,0.645,0.351,0.528,1.43,0.567,0.555,0.344,0.886,0.48,0.433,1.188,0.455,0.478,0.054,0.646,0.546,0.423,0.604,0.5,3.042,0.298,0.152,1.832,2.922,0.245,0.732,2.832,1.659,2.327,0.75,0.387,1.068,0.461,0.64,0.852,2.028,0.693,0.429,0.495,0.336,1.851,0.214,0.562,0.322,0.513,0.536,0.177,1.258,1.62,0.355,0.627,0.399,0.839,1.135,0.377,0.246,1.568,0.703,1.501,0.715,0.456,0.25,0.422,0.243,0.762,1.218,0.696,1.013,1.904,3.086,1.187
20150501,5,CO_24h,1.151,0.808,0.999,2.069,1.562,1.158,1.063,1.141,1.188,1.82,0.836,1.08,1.076,1.681,0.76,1.039,0.572,0.736,0.45,0.823,0.738,0.987,0.624,0.953,1.407,1.063,1.065,1.228,1.465,0.732,0.973,0.684,1.517,0.814,0.86,0.948,0.533,0.784,0.638,0.682,0.613,0.721,0.648,0.631,0.935,0.674,0.646,1.02,1.129,0.698,1.465,0.951,0.891,0.933,0.845,0.591,0.747,0.854,0.631,0.765,0.728,0.907,0.89,0.694,0.743,0.961,0.631,0.942,0.551,1.59,0.643,0.955,0.68,0.713,0.952,1.037,0.968,0.765,0.625,0.544,0.845,1.591,1.144,1.585,1.441,2.323,2.243,1.082,0.874,0.69,1.276,1.291,0.521,0.513,1.181,1.264,1.014,0.796,0.673,1.021,0.727,0.776,0.994,1.059,1.16,0.79,1.519,1.439,1.033,1.585,1.641,0.979,1.412,1.2,1.439,1.01,0.683,0.61,0.611,0.533,0.636,1.137,0.825,1.461,1.477,1.81,1.186,0.797,1.264,1.152,1.191,0.989,0.96,1.255,1.218,0.788,0.82,0.49,0.963,0.921,1.403,0.734,0.858,0.97,0.921,0.759,0.873,1.211,0.974,1.634,1.23,0.762,1.034,0.526,0.389,0.973,0.437,0.547,2.015,0.589,0.443,0.517,0.467,0.432,0.785,0.599,0.542,0.285,1.086,0.568,1.018,1.318,1.17,0.835,1.122,0.705,1.03,0.722,0.833,0.57,0.738,0.763,0.798,0.76,,0.356,0.71,1.23,0.831,1.926,0.84,1.379,1.65,1.082,2.952,0.436,0.544,0.302,0.375,0.608,0.442,0.46,0.617,1.425,1.047,1.363,0.969,1.26,0.921,0.614,0.321,0.791,0.805,0.45,0.623,0.272,0.392,0.565,0.251,0.49,0.348,0.806,0.726,0.637,0.89,0.709,0.147,0.848,0.655,0.305,0.696,0.5,0.637,1.059,0.865,1.468,1.149,1.127,0.983,0.65,1.072,0.963,0.748,1.307,0.733,0.992,1.102,0.713,0.925,0.724,1.224,0.947,0.811,0.998,0.605,1.113,1.44,0.902,1.278,1.086,1.449,1.35,1.007,1.127,0.95,0.834,0.851,0.891,1.404,0.537,1.361,1.575,0.503,0.897,0.337,0.988,1.14,0.775,2.021,0.845,0.995,0.672,0.728,0.474,0.767,0.531,1.261,0.622,0.737,0.756,0.936,0.971,0.71,0.262,0.749,1.071,0.486,0.375,0.576,1.939,0.567,0.631,0.315,0.977,0.746,0.543,1.257,0.538,0.556,0.12,0.632,0.469,0.504,0.602,0.556,3.286,0.312,0.212,1.89,2.907,0.241,0.971,3.138,1.614,2.724,0.732,0.542,0.924,0.564,0.841,0.636,2.255,0.628,0.599,0.536,0.527,1.08,0.4,0.337,0.26,0.334,0.566,0.389,0.737,1.594,0.508,0.74,0.511,0.435,1.009,0.464,0.616,1.075,0.828,1.464,0.631,0.434,0.348,0.503,0.321,0.801,1.457,0.921,1.237,2.224,3.47,1.212
20150501,6,AQI,238,98,144,213,87,99,163,142,141,250,146,141,128,154,103,96,61,98,71,49,153,85,48,70,161,143,88,90,138,99,70,48,82,125,92,97,88,93,77,148,54,91,92,79,92,87,78,82,128,51,127,81,69,27,41,21,24,18,18,35,50,35,45,16,33,36,45,52,52,63,59,84,67,81,67,61,135,60,58,50,69,132,106,170,133,137,158,143,48,89,139,82,36,45,100,25,77,15,16,80,62,18,20,98,24,52,88,92,73,64,125,131,72,61,114,61,108,47,82,52,92,114,80,110,110,94,185,119,110,106,72,89,59,55,94,30,36,24,37,89,63,42,94,44,32,67,42,50,83,61,23,80,53,60,65,58,59,78,85,41,45,49,52,49,49,53,57,34,33,43,82,80,70,100,72,139,97,80,109,108,55,117,157,81,,119,106,80,61,90,57,98,142,108,95,76,156,55,61,130,51,315,72,77,80,57,86,75,92,60,82,69,54,109,75,23,66,59,33,33,37,104,100,87,93,76,49,211,63,58,76,65,40,97,81,60,91,56,89,70,81,95,72,69,56,75,83,113,85,138,111,110,117,80,105,78,85,93,111,98,98,88,88,75,108,53,59,64,59,64,115,60,69,30,19,29,43,28,65,47,36,55,54,45,59,114,55,109,50,69,71,32,55,32,19,45,65,41,70,59,30,36,27,48,52,57,41,46,43,45,57,56,52,27,26,47,45,61,97,50,37,32,54,111,68,94,31,60,48,50,114,46,52,44,58,25,109,51,78,73,101,80,57,99,56,50,65,45,67,66,111,234,327,73,40,33,52,40,199,32,85,66,72,69,82,86,83
20150501,6,PM2.5,187,73,110,162,64,74,123,74,107,199,111,107,97,117,54,71,43,68,36,34,116,62,33,50,122,109,65,66,105,74,50,25,60,94,68,72,65,69,56,113,37,67,68,50,68,54,57,49,97,11,96,58,49,17,24,11,15,12,12,24,35,12,20,8,17,3,28,25,25,28,39,45,35,35,37,43,98,28,40,35,49,100,79,128,101,104,120,109,23,64,106,60,25,25,75,16,56,7,10,58,39,9,14,73,12,19,65,68,52,45,92,99,43,40,85,43,73,16,53,35,68,85,58,82,82,70,139,89,70,79,52,66,41,31,70,11,20,9,6,66,32,18,70,8,18,48,16,27,44,42,15,40,21,20,33,15,23,56,62,23,6,34,23,34,17,36,22,10,12,18,60,58,50,75,52,106,72,58,81,80,14,88,119,59,,89,79,58,43,59,39,73,81,80,45,27,118,21,27,78,20,88,28,53,58,36,63,48,68,25,37,49,26,33,50,12,41,41,19,15,12,77,75,64,69,55,34,160,44,40,55,46,25,72,59,42,67,39,66,50,59,65,44,49,39,54,61,84,62,105,83,82,88,42,78,57,62,69,83,73,73,65,65,54,80,36,41,26,41,45,86,42,49,17,13,14,27,13,33,16,20,36,34,5,23,85,37,81,20,49,51,1,17,17,12,30,46,19,38,41,10,25,6,23,33,11,25,23,12,31,23,30,28,9,11,15,13,43,42,32,1,8,29,46,21,40,15,37,19,13,85,23,23,16,35,14,81,20,52,49,67,36,29,74,34,22,46,14,17,20,83,136,143,23,15,8,16,14,111,17,62,47,52,49,60,36,61
20150501,6,PM2.5_24h,135,105,105,154,79,79,119,85,95,154,88,99,91,83,50,48,36,49,38,62,46,75,54,57,53,69,74,59,50,56,58,42,48,71,59,71,60,52,58,59,41,57,55,65,44,57,58,45,100,27,90,60,60,35,25,14,27,20,16,35,31,40,22,13,33,72,28,24,26,55,57,38,67,33,53,48,79,54,32,39,47,126,80,123,110,139,116,92,39,55,70,76,41,29,82,39,55,12,15,56,38,14,45,70,23,21,79,71,49,48,82,69,41,29,46,60,52,21,53,40,38,41,51,80,72,62,127,81,80,78,72,75,61,68,58,15,32,8,58,70,29,38,93,61,70,48,31,56,63,64,58,59,36,24,106,21,35,78,59,28,25,41,28,32,28,38,32,29,20,21,73,59,66,80,59,45,81,47,59,57,49,56,68,43,,56,64,64,50,55,57,54,64,99,38,115,74,23,93,68,34,83,109,62,54,66,55,55,73,29,45,40,26,31,28,15,29,39,17,29,10,46,45,47,55,50,34,76,44,43,47,52,32,48,54,41,46,35,62,59,57,61,51,66,67,74,78,76,60,85,80,81,66,52,87,73,64,66,75,62,61,61,62,60,79,30,55,46,51,49,87,65,69,32,16,18,18,27,40,44,23,29,23,21,57,80,86,77,33,53,47,32,60,17,32,28,54,27,39,44,13,31,7,36,38,12,39,17,15,37,20,40,32,17,14,22,15,30,53,41,5,40,62,48,56,66,48,73,25,89,33,54,51,56,42,29,73,29,58,38,56,43,45,155,93,74,35,28,13,20,113,235,219,23,16,10,15,13,143,16,51,56,50,52,41,29,54
20150501,6,PM10,215,113,169,235,108,123,164,153,168,267,232,151,163,190,154,140,69,144,89,27,141,58,41,57,129,165,88,128,121,118,63,38,92,143,101,109,92,87,67,148,50,83,88,75,123,74,86,111,162,25,151,110,56,26,40,20,23,15,17,29,47,34,44,15,32,8,44,51,52,74,65,116,82,109,81,51,218,68,63,41,61,118,140,178,147,189,195,191,35,125,182,101,34,30,138,22,67,14,14,66,45,14,18,83,23,52,89,129,94,72,197,151,91,70,114,52,163,46,111,51,86,103,89,134,104,99,212,139,168,108,77,115,52,57,101,24,35,23,14,85,73,31,107,23,31,73,28,49,114,69,21,107,54,68,78,63,65,103,92,40,,39,52,44,34,47,61,15,18,23,70,71,70,96,68,135,102,64,108,107,25,130,184,94,,98,143,89,55,128,62,138,231,133,137,99,169,57,69,207,50,431,92,101,96,61,104,97,101,68,112,76,56,165,97,22,79,54,28,21,36,109,103,102,125,85,39,187,59,53,88,56,39,88,69,52,84,58,68,82,89,137,91,59,50,68,83,123,99,151,96,96,143,108,108,104,86,96,155,110,112,91,104,81,102,45,53,75,64,57,131,68,70,29,18,28,42,27,78,46,35,57,56,19,66,109,58,89,49,71,75,3,47,31,18,44,68,28,88,65,29,34,26,47,52,52,40,45,22,,62,38,51,,25,46,19,4,141,48,4,16,55,106,83,96,27,68,47,49,58,45,52,10,64,24,139,50,103,94,150,107,61,73,59,49,76,44,82,80,153,373,440,93,39,3,52,39,345,31,110,67,,56,92,119,97
20150501,6,PM10_24h,169,126,169,203,125,148,174,191,169,216,171,164,183,171,191,95,64,117,99,101,84,101,75,98,93,112,112,113,107,83,91,72,89,107,91,111,84,75,79,83,60,88,74,87,91,87,95,108,181,57,166,142,95,56,53,32,49,31,30,52,55,61,47,28,63,126,48,52,45,159,139,103,294,127,93,79,194,154,54,60,72,174,158,202,156,187,208,170,66,117,115,134,72,50,148,61,73,27,25,74,58,28,88,68,40,36,124,186,105,79,186,135,91,66,107,87,119,59,127,76,57,64,95,148,118,114,216,144,155,132,126,127,101,106,86,34,51,18,90,110,56,62,138,110,118,75,42,122,144,169,141,174,143,46,490,68,118,156,91,67,37,68,55,56,53,68,91,45,35,40,103,80,95,117,87,81,111,67,87,92,72,108,107,70,,96,126,111,82,107,122,132,102,176,88,326,201,67,294,167,80,271,261,137,111,108,92,110,122,96,111,88,84,92,75,34,65,116,62,90,37,81,79,85,107,75,49,100,73,73,79,86,44,65,71,81,74,58,77,130,99,119,122,96,99,125,129,116,104,143,134,118,123,138,125,125,95,107,122,126,106,86,108,106,109,53,79,113,69,63,133,113,103,66,30,39,37,43,83,112,37,50,41,59,127,108,135,111,77,88,87,57,97,34,49,46,73,45,87,80,32,43,21,49,84,27,54,32,36,38,62,51,59,25,32,35,26,59,161,37,16,68,153,89,109,242,89,196,68,249,52,158,135,104,97,55,135,47,98,76,114,120,91,431,296,253,87,94,58,83,337,1013,755,79,33,29,72,66,560,32,114,92,64,66,94,113,99
20150501,6,SO2,14,20,60,193,22,14,32,47,32,26,35,27,27,32,8,56,9,10,14,7,24,11,10,13,13,51,18,36,63,27,14,4,11,19,16,15,24,17,8,5,3,38,45,5,17,4,10,19,35,11,25,18,16,9,6,4,11,7,6,7,7,30,8,2,6,4,9,52,6,11,6,7,13,9,51,15,14,3,13,8,11,60,12,67,47,117,94,39,6,26,129,46,13,4,54,9,6,4,4,5,6,2,16,10,7,27,37,14,23,12,35,25,12,20,21,33,15,14,21,7,28,29,46,34,13,34,27,94,43,8,16,54,10,7,22,3,12,3,7,14,33,7,19,4,3,7,11,7,4,5,6,11,29,41,45,4,3,51,42,15,4,9,6,10,10,13,8,5,13,8,10,16,11,28,16,20,32,25,14,21,12,12,16,26,,15,19,15,5,23,28,61,17,34,54,23,36,53,4,12,5,6,3,73,37,10,21,13,4,4,4,10,25,14,33,3,12,13,24,7,32,23,9,19,29,83,4,25,19,31,9,38,14,31,2,7,21,9,3,9,20,44,41,18,35,27,18,100,28,19,19,12,78,22,23,21,26,33,33,19,24,23,24,111,11,17,77,40,8,72,17,34,2,12,4,8,21,26,27,20,6,53,14,10,3,9,28,2,3,3,12,9,4,5,15,19,13,28,51,11,10,6,3,11,31,14,6,17,6,9,11,9,9,2,28,6,5,9,28,8,2,5,9,15,6,452,6,6,15,2,12,4,3,10,7,8,19,3,9,19,21,2,3,10,3,3,4,3,11,16,9,17,214,8,14,3,7,3,3,10,10,21,10,15,14,23,24
20150501,6,SO2_24h,15,20,49,67,26,31,36,48,35,35,36,30,38,36,20,32,10,12,10,18,16,23,18,29,22,39,28,36,35,26,21,14,15,24,21,19,25,24,26,8,7,32,28,8,16,7,12,29,31,16,23,24,20,12,10,5,14,9,10,13,7,25,9,4,14,19,9,26,8,19,7,11,15,12,28,18,28,21,13,11,8,63,32,54,31,93,69,56,15,27,58,39,13,12,66,23,9,5,4,7,8,4,26,14,8,16,27,38,28,33,52,23,21,23,31,62,19,11,25,8,25,19,50,42,23,23,47,44,51,14,29,37,18,9,24,5,14,3,16,26,32,14,20,17,11,9,13,15,18,12,12,21,7,13,55,10,4,44,57,19,8,17,11,14,12,24,22,9,15,12,33,32,22,29,35,21,34,18,22,29,20,11,21,23,,20,17,15,7,20,50,49,39,60,73,22,17,46,7,26,4,6,2,48,22,23,14,21,5,4,2,11,21,10,14,3,9,13,13,15,27,21,7,35,38,34,5,22,17,24,9,31,30,30,2,18,23,14,6,13,28,63,44,33,24,33,32,74,35,35,20,16,34,23,15,24,21,25,32,31,14,18,20,33,20,16,51,32,13,55,25,38,4,18,2,12,16,45,24,18,6,21,8,17,17,24,43,13,31,5,17,12,33,6,17,22,13,27,68,17,10,7,9,11,62,16,11,15,11,3,12,6,29,2,6,7,4,10,36,11,3,8,15,10,44,206,9,3,17,9,6,11,4,14,11,14,12,5,5,15,21,3,7,4,3,5,7,3,13,16,10,18,84,7,14,4,9,10,3,12,13,28,10,17,23,21,30
20150501,6,NO2,63,38,64,85,60,24,51,26,32,56,40,24,45,23,12,66,45,45,49,14,41,39,9,24,35,37,46,61,56,42,19,12,23,48,44,37,64,45,27,36,14,63,46,15,30,19,23,21,42,11,46,40,26,25,16,12,12,5,8,29,11,15,34,8,13,10,23,31,14,11,34,33,19,61,40,22,25,5,41,16,11,38,41,42,31,92,84,33,25,35,43,37,24,25,57,23,6,7,5,17,4,5,26,4,27,29,26,6,27,21,80,11,33,43,61,39,44,10,13,22,21,31,37,41,24,39,27,39,23,27,27,35,10,4,21,10,25,13,5,13,48,8,13,28,8,25,12,8,3,12,13,15,19,35,15,17,7,60,50,27,11,35,15,24,13,17,30,8,15,5,26,45,77,59,26,38,49,10,50,41,4,27,39,39,,39,49,33,32,28,13,30,8,23,3,29,18,25,11,19,13,2,3,27,39,21,54,40,27,18,24,31,36,29,58,11,40,26,18,18,17,34,21,25,58,24,10,62,45,34,20,6,26,21,16,23,9,26,11,18,14,22,24,25,3,15,14,32,46,27,38,24,38,22,25,21,29,42,47,19,32,36,8,15,11,30,11,16,15,31,24,27,2,22,3,9,21,10,17,6,9,24,26,5,5,5,17,2,5,32,17,5,7,5,25,17,57,5,11,22,14,7,3,8,22,3,12,7,6,17,26,21,34,3,10,6,15,4,24,2,2,8,11,5,7,9,13,16,13,28,14,10,17,11,57,10,47,14,8,17,24,17,12,15,11,11,9,2,57,9,5,4,7,16,23,5,14,8,2,17,18,38,16,5,30,13,19
20150501,6,NO2_24h,47,27,40,59,34,29,40,24,32,29,39,23,56,27,28,43,37,39,41,36,51,54,17,27,34,30,44,47,40,22,22,18,29,36,41,44,42,36,36,25,18,47,31,19,26,23,35,34,37,22,48,46,32,40,33,15,28,10,11,34,19,31,27,12,31,47,28,25,16,25,31,28,19,45,34,19,32,18,26,10,12,39,44,33,23,62,60,24,38,26,29,36,53,37,34,26,14,13,7,21,9,8,41,12,20,18,25,22,24,26,59,15,33,41,54,34,36,16,14,22,26,27,29,38,25,31,40,36,28,34,34,28,16,51,31,13,22,10,31,27,34,20,20,20,17,25,15,22,24,32,25,25,9,18,11,16,20,40,35,17,11,55,15,27,48,17,26,19,21,7,34,38,49,33,33,34,44,19,47,40,15,20,30,47,,35,32,30,30,23,26,20,14,31,11,13,16,25,14,29,13,7,5,23,32,37,32,46,26,15,19,30,19,11,22,10,20,20,15,17,16,27,17,25,52,19,9,54,44,27,17,8,25,17,17,30,13,25,21,24,14,27,20,24,16,19,21,27,41,31,46,31,20,23,20,23,24,45,31,33,23,26,12,19,15,28,16,18,27,33,25,31,12,22,3,15,14,12,13,12,11,24,18,23,25,20,46,24,21,33,23,25,16,7,31,22,41,10,8,27,9,25,7,6,27,10,15,10,11,13,27,18,27,2,13,16,8,13,29,6,3,15,16,4,16,11,18,11,13,36,21,16,14,16,61,18,35,13,13,12,18,16,22,10,8,14,17,7,28,8,15,12,21,17,15,7,12,8,14,15,21,28,21,14,35,13,28
20150501,6,O3,33,20,15,12,20,30,65,153,73,14,64,69,22,63,64,41,35,48,41,105,79,43,100,42,45,10,17,11,5,29,48,95,24,47,85,54,38,31,49,45,61,65,72,119,39,121,56,62,56,99,72,87,31,11,39,35,17,28,13,14,59,31,7,14,78,82,53,53,80,51,16,15,32,14,17,25,51,102,72,61,76,56,31,55,65,17,36,50,97,54,38,47,83,71,27,40,123,30,30,24,83,32,9,123,2,18,106,78,58,35,16,100,85,19,16,77,46,72,42,65,38,47,26,40,48,75,80,83,57,18,60,31,24,78,9,60,51,20,79,60,28,72,54,82,25,25,76,67,55,59,47,63,59,62,36,67,103,36,40,35,88,60,52,70,102,45,45,90,67,78,42,17,9,11,52,45,23,74,22,58,111,7,35,76,,21,31,45,45,22,93,49,43,79,39,28,123,103,65,73,70,57,72,69,52,111,14,8,29,57,65,37,50,47,27,33,39,50,64,55,60,54,60,75,29,26,33,30,96,38,116,7,59,56,62,20,96,12,117,29,23,35,72,25,41,93,57,84,56,64,65,81,72,85,73,92,87,74,62,76,56,84,113,63,21,14,32,43,50,22,33,19,43,25,19,48,25,25,14,30,47,30,2,102,70,85,65,87,102,17,46,68,94,30,11,41,42,83,10,11,14,65,41,50,61,105,30,66,83,51,8,89,13,31,37,70,71,102,26,97,68,64,66,105,81,83,49,36,49,52,107,83,48,81,30,36,9,76,73,62,49,58,105,5,31,49,75,53,50,16,39,56,93,56,2,56,36,44,82,26,94,53,54,87,61,81,62
20150501,6,O3_24h,227,252,200,241,98,159,226,252,230,188,214,221,152,140,155,154,146,160,76,165,175,248,150,171,141,208,195,235,193,163,171,173,60,232,238,166,126,200,216,175,232,198,178,181,96,204,189,306,215,127,196,233,138,187,105,75,162,106,75,249,183,139,87,70,138,190,94,102,143,163,82,84,104,74,115,144,156,175,152,139,157,209,251,213,214,216,263,189,146,198,182,217,128,118,240,130,139,93,66,112,161,67,178,189,70,55,211,206,133,136,154,136,124,138,148,154,187,104,158,99,56,97,135,184,106,190,251,175,164,152,226,205,120,134,84,93,132,44,142,154,121,147,115,153,68,79,157,143,146,164,111,164,111,129,105,97,105,203,189,103,115,135,133,137,113,152,110,121,111,103,212,188,99,177,197,192,125,113,208,207,137,95,141,161,,87,181,129,146,96,219,119,124,194,85,99,145,119,122,222,112,119,96,145,163,192,174,199,205,107,126,170,121,136,116,101,112,139,114,97,99,115,120,190,72,58,96,133,189,111,140,427,96,63,124,113,135,144,171,106,130,209,219,145,101,177,184,192,160,172,171,173,171,146,181,173,155,161,181,199,200,190,183,147,132,120,124,178,76,67,122,127,101,137,28,70,92,101,93,75,96,90,100,143,150,154,242,223,150,78,67,128,190,88,93,127,89,117,53,136,35,83,53,118,128,110,112,83,120,114,129,164,131,113,68,125,104,114,83,104,123,137,143,197,174,116,143,89,133,94,140,124,98,174,82,63,115,118,97,120,116,95,176,26,69,88,115,59,92,18,63,80,100,131,88,87,88,110,87,106,178,114,155,147,100,127,144
20150501,6,O3_8h,84,39,70,42,32,45,100,205,127,57,70,95,35,85,66,69,61,52,43,89,66,49,87,67,58,36,23,29,27,49,65,94,31,72,124,66,55,75,60,59,65,93,91,133,41,143,63,93,78,100,81,101,24,10,34,36,16,26,15,14,66,29,13,13,65,71,53,59,100,56,21,27,39,11,31,37,74,104,71,75,88,61,50,87,101,31,66,64,95,76,62,77,66,89,56,49,122,28,30,25,113,34,12,101,9,29,120,111,79,50,38,112,69,26,24,88,49,77,42,64,43,61,39,54,52,97,76,102,87,27,83,44,26,64,9,58,60,31,72,62,56,83,59,86,31,38,82,66,56,59,45,75,88,81,51,62,92,68,78,44,88,53,67,60,97,59,53,66,64,85,47,22,21,40,38,48,33,100,59,96,104,25,48,87,,26,54,72,57,38,105,73,67,105,39,59,115,89,74,89,85,85,76,81,56,86,20,17,47,67,82,42,76,63,53,33,54,55,65,64,48,65,77,102,37,30,40,31,85,48,100,12,66,51,77,50,75,26,125,27,29,50,85,33,46,51,65,76,66,69,77,86,97,97,86,104,113,87,89,79,63,102,114,71,25,20,37,68,21,32,42,26,24,44,25,50,42,29,30,29,64,33,7,88,65,95,78,82,93,13,51,63,104,43,15,56,51,80,12,24,16,35,36,80,57,107,38,66,85,75,12,106,34,53,45,73,88,95,27,99,72,63,70,171,109,86,61,59,60,70,82,87,73,87,49,43,36,92,73,58,64,69,106,7,36,57,72,45,47,17,36,58,77,74,24,65,44,66,70,33,109,74,76,83,53,78,57
20150501,6,O3_8h_24h,210,198,176,211,83,110,201,234,217,178,190,204,134,127,141,142,116,143,69,141,154,196,140,138,125,171,162,197,168,133,153,151,52,194,200,151,112,180,192,158,181,184,167,176,81,172,155,153,193,114,175,196,116,147,82,58,125,81,56,185,147,112,71,53,116,163,85,96,135,138,69,74,84,67,97,125,128,160,137,133,139,137,214,195,201,187,204,170,107,184,168,188,120,102,187,109,131,69,56,86,139,54,153,163,60,52,195,193,124,112,134,124,114,120,130,135,168,101,140,95,51,85,117,153,99,180,201,162,154,135,190,159,100,118,66,84,109,40,128,123,111,129,97,142,59,70,142,127,134,135,100,152,104,124,96,91,99,192,165,98,104,109,123,125,97,140,97,107,102,98,166,161,86,154,169,165,110,93,186,179,130,77,105,146,,79,165,122,128,85,203,111,112,178,81,99,124,96,107,197,106,91,120,133,140,179,155,162,188,104,117,158,110,129,112,109,108,118,111,89,97,102,110,164,61,49,85,108,165,93,117,253,81,56,115,88,124,118,158,92,112,146,196,118,92,121,168,172,146,153,151,163,162,140,164,162,142,137,164,177,176,173,172,136,102,87,105,155,56,60,101,94,89,100,26,59,70,91,73,65,90,78,89,127,131,143,183,172,137,65,61,126,155,84,81,115,83,106,42,115,24,74,48,113,124,107,100,80,104,106,103,116,114,101,61,109,101,110,79,100,114,129,131,180,160,118,138,79,126,116,137,136,99,174,76,53,94,110,93,114,112,91,157,24,67,88,107,55,85,17,59,71,87,118,81,83,81,100,77,91,169,101,138,117,92,116,123
20150501,6,CO,1.492,0.792,0.94,4.545,1.418,0.755,1.127,1.031,1.027,2.517,0.953,1.099,1.279,1.634,0.538,1.345,0.499,0.867,0.434,0.584,1.073,0.654,0.413,1.001,1.503,1.39,0.796,1.706,1.988,1.427,0.846,0.494,1.674,1.049,0.857,0.977,0.685,0.871,0.551,0.932,0.507,0.773,0.692,0.492,1.213,0.617,0.495,0.986,1.286,0.665,1.606,0.895,0.798,0.73,0.786,0.581,0.579,0.718,0.375,0.654,0.648,0.624,0.985,0.329,0.608,0.464,0.536,0.965,0.406,1.228,0.728,0.949,0.629,0.969,1.571,1.257,0.837,0.391,0.667,0.472,0.857,1.146,0.751,1.622,1.71,2.982,2.691,0.875,0.957,1.176,1.636,1.189,0.477,0.451,1.374,0.817,0.829,0.739,0.539,0.888,0.552,0.568,0.597,0.776,1.092,1.476,1.371,1.153,1.139,1.469,1.663,0.931,1.185,1.299,1.789,0.622,0.736,0.549,0.587,0.465,0.954,1.298,1.028,1.267,2.015,2.846,1.107,0.956,0.878,1.186,1.282,1.034,0.737,1.249,1.183,0.776,0.628,0.493,0.49,0.766,1.385,0.537,0.456,0.642,0.475,0.814,0.849,0.753,0.552,1.357,0.878,0.378,2.078,0.668,0.467,0.906,0.567,0.627,2.475,1.121,0.404,0.427,0.644,0.37,0.668,0.578,0.447,0.212,1.018,0.477,0.743,0.866,0.735,1.17,0.986,1.144,1.109,0.594,0.834,0.409,0.508,1.073,1.102,0.758,,0.477,0.77,1.208,0.625,2.119,0.751,1.384,1.412,0.919,2.542,0.644,0.973,0.509,0.339,0.45,0.349,0.568,0.589,0.962,1.183,0.722,1.019,1.797,1.013,0.577,0.355,0.815,1.121,1.386,2.272,0.163,0.664,0.847,0.237,0.564,0.269,0.988,0.985,0.664,1.003,0.557,0.122,1.253,0.861,0.325,0.801,0.536,0.703,1.211,0.815,1.189,1.07,1.027,0.925,0.608,1.294,1.51,0.612,1.229,0.647,0.753,0.933,0.63,0.902,0.704,1.162,0.843,1.581,1.025,0.659,1.074,1.458,0.932,1.284,0.903,1.962,1.516,1.018,1.084,0.986,0.987,0.798,0.622,1.282,0.661,1.466,1.363,0.469,0.369,0.318,0.953,1.297,0.602,2.119,0.615,0.968,0.782,0.813,0.379,0.559,0.108,0.74,0.231,0.451,0.731,0.777,0.654,0.231,0.279,0.596,1.045,0.763,0.358,0.559,1.361,0.603,0.503,0.333,0.945,0.689,0.465,1.197,0.482,0.487,0.117,0.659,0.493,0.401,0.605,0.502,3.044,0.327,0.172,1.877,2.906,0.244,0.704,2.862,0.751,2.312,0.877,0.442,1.248,0.456,0.674,0.912,2.041,0.729,0.471,0.5,0.389,2.116,0.322,0.525,0.187,0.491,0.577,0.175,1.443,1.667,0.353,0.574,0.376,0.791,1.076,0.311,0.24,1.634,0.68,1.45,0.765,0.47,0.243,0.44,0.294,0.768,1.247,0.729,0.942,1.911,3.266,0.984
20150501,6,CO_24h,1.164,0.798,0.989,2.182,1.494,1.139,1.061,1.147,1.179,1.822,0.837,1.076,1.066,1.678,0.742,1.029,0.568,0.747,0.45,0.802,0.75,0.967,0.61,0.948,1.402,1.081,1.057,1.241,1.488,0.759,0.973,0.678,1.526,0.825,0.859,0.951,0.534,0.847,0.624,0.683,0.605,0.718,0.65,0.624,0.937,0.671,0.644,1.023,1.126,0.696,1.463,0.95,0.879,0.919,0.84,0.588,0.735,0.847,0.52,0.755,0.726,0.9,0.896,0.687,0.729,0.916,0.627,0.897,0.543,1.58,0.635,0.94,0.679,0.727,0.973,1.04,0.943,0.744,0.626,0.54,0.839,1.549,1.103,1.574,1.41,2.344,2.17,1.015,0.878,0.697,1.29,1.278,0.499,0.512,1.18,1.261,0.994,0.793,0.67,1.021,0.715,0.763,0.982,1.054,1.157,0.756,1.511,1.415,1.023,1.581,1.622,0.968,1.385,1.197,1.43,1.003,0.687,0.602,0.6,0.525,0.653,1.142,0.841,1.429,1.484,1.843,1.169,0.787,1.247,1.157,1.188,0.984,0.941,1.261,1.231,0.791,0.809,0.491,0.94,0.914,1.396,0.729,0.836,0.95,0.891,0.761,0.863,1.195,0.964,1.613,1.208,0.745,1.084,0.537,0.388,0.967,0.445,0.524,2.026,0.613,0.432,0.496,0.463,0.419,0.77,0.596,0.514,0.281,1.081,0.558,1.004,1.283,1.17,0.833,1.108,0.725,1.026,0.707,0.827,0.564,0.718,0.775,0.811,0.757,,0.344,0.705,1.212,0.811,1.922,0.824,1.366,1.64,1.077,2.902,0.419,0.537,0.307,0.372,0.592,0.44,0.465,0.611,1.358,1.022,1.334,0.974,1.268,0.924,0.609,0.322,0.789,0.813,0.475,0.679,0.26,0.399,0.567,0.252,0.498,0.354,0.814,0.747,0.631,0.895,0.703,0.147,0.867,0.671,0.295,0.692,0.501,0.638,1.063,0.86,1.462,1.148,1.028,0.984,0.637,1.073,0.982,0.743,1.295,0.721,0.99,1.098,0.71,0.911,0.705,1.222,0.92,0.793,0.99,0.604,0.979,1.444,0.907,1.272,1.072,1.474,1.357,1.014,1.125,0.957,0.834,0.841,0.862,1.395,0.539,1.369,1.567,0.512,0.853,0.336,0.989,1.139,0.768,2.02,0.845,0.996,0.676,0.732,0.474,0.754,0.512,1.224,0.596,0.717,0.762,0.929,0.963,0.676,0.265,0.743,1.068,0.498,0.379,0.59,1.826,0.569,0.634,0.316,0.973,0.719,0.539,1.254,0.54,0.553,0.124,0.645,0.475,0.503,0.601,0.555,3.278,0.314,0.21,1.902,2.903,0.244,0.958,3.106,0.758,2.713,0.742,0.533,0.944,0.565,0.82,0.658,2.24,0.629,0.593,0.515,0.519,1.058,0.39,0.345,0.259,0.342,0.566,0.382,0.762,1.599,0.488,0.738,0.505,0.45,1.015,0.458,0.603,1.11,0.818,1.466,0.64,0.442,0.329,0.493,0.322,0.797,1.449,0.919,1.221,2.216,3.676,1.188
20150501,7,AQI,236,113,156,222,100,99,178,128,149,242,181,161,131,143,100,99,60,96,77,48,150,86,50,104,174,121,86,83,127,99,74,48,85,131,91,108,88,93,87,133,58,94,98,81,94,83,89,82,135,51,131,77,66,34,42,29,20,19,20,35,46,30,48,16,34,36,46,55,57,51,59,85,64,106,71,66,136,57,58,56,70,138,110,177,137,181,165,142,48,87,135,78,35,43,111,29,78,19,18,81,59,18,23,100,28,52,87,93,76,64,130,138,66,67,111,54,111,55,78,51,106,114,80,111,104,104,177,143,146,105,69,93,56,44,70,29,44,16,38,83,65,42,67,43,27,70,41,43,62,63,23,66,57,62,87,53,67,96,87,56,45,45,34,35,53,63,62,37,33,43,83,74,72,108,67,141,97,80,119,96,56,125,164,87,,116,116,88,56,88,61,103,155,109,78,84,179,53,61,263,54,189,73,69,78,56,88,77,93,63,86,76,66,98,106,27,70,97,35,33,38,111,119,111,105,85,52,222,63,70,82,75,38,114,82,63,88,59,82,72,92,85,87,70,60,76,71,113,92,122,99,106,121,81,114,83,82,92,110,96,91,91,89,70,108,55,58,78,54,69,122,61,63,36,19,26,51,24,66,49,35,41,48,47,55,54,38,49,48,65,77,33,49,28,30,54,62,40,69,59,28,30,22,56,65,57,37,45,44,54,66,53,52,24,26,49,43,50,95,50,36,33,57,102,50,96,30,76,52,52,55,45,53,43,59,23,105,53,76,67,93,90,60,93,59,53,113,38,58,63,154,200,404,69,33,32,56,43,270,36,93,56,74,67,86,89,87
20150501,7,PM2.5,185,84,118,171,75,74,134,97,114,191,136,122,99,109,50,74,41,64,37,33,115,63,35,77,131,91,63,61,96,74,53,24,62,99,67,80,65,69,64,101,40,70,73,59,70,58,66,50,102,10,99,56,47,19,25,10,14,12,12,24,32,14,21,8,17,4,28,26,37,24,40,48,41,35,40,47,102,27,40,39,50,105,82,133,104,136,125,108,26,63,102,57,24,23,83,19,57,6,12,59,41,10,15,75,12,19,64,69,53,44,98,105,36,48,83,37,79,20,49,33,79,85,58,83,77,77,133,109,46,78,49,69,37,27,50,11,23,10,6,61,31,19,48,7,18,50,18,19,35,44,16,31,25,19,34,17,19,71,64,29,5,31,20,19,14,44,23,10,16,14,61,53,52,80,48,107,72,58,89,71,17,94,124,64,,87,87,65,39,62,40,76,94,81,52,25,135,23,24,149,22,95,31,46,55,33,65,50,69,25,38,55,42,73,79,12,44,59,16,23,12,83,89,83,78,62,32,171,44,50,60,54,26,85,60,44,65,41,60,52,68,60,57,50,42,55,51,84,68,92,74,79,91,47,85,61,60,68,82,71,67,67,66,50,80,36,40,30,36,49,92,43,44,20,13,12,30,16,35,17,24,26,30,7,18,33,3,34,13,46,56,1,10,19,6,37,42,14,38,41,13,20,5,29,34,9,20,31,17,37,24,34,31,8,16,18,19,19,41,32,2,9,31,3,17,50,15,55,22,16,38,23,27,17,37,10,78,31,51,48,67,38,29,69,31,28,84,16,16,18,77,141,130,21,11,11,17,17,101,20,69,39,53,48,63,42,64
20150501,7,PM2.5_24h,138,104,104,155,80,77,119,88,96,154,89,98,90,84,51,48,35,49,37,60,49,75,53,57,56,71,74,60,53,56,58,41,49,73,59,71,61,54,58,58,42,58,54,64,45,56,59,46,99,25,89,60,57,34,25,13,27,20,16,34,32,37,21,12,31,67,28,24,27,54,57,37,67,34,50,46,81,54,33,39,46,120,80,122,106,136,113,92,37,55,72,75,38,29,80,38,55,12,14,56,39,13,43,71,22,21,78,71,50,48,83,71,41,29,48,59,53,19,52,38,40,43,51,80,71,61,127,82,76,78,72,75,59,66,58,14,31,8,55,67,29,37,90,57,66,48,30,55,61,63,55,59,29,24,107,21,34,76,58,27,22,40,26,31,27,38,30,28,19,20,72,59,65,78,58,48,81,48,61,59,46,58,71,43,,56,64,62,48,55,56,55,66,99,37,114,77,22,92,72,31,84,108,60,53,65,56,55,73,28,43,40,26,31,30,14,29,40,17,29,11,48,47,48,56,50,34,81,44,44,47,52,31,50,55,41,47,36,61,59,55,61,51,66,65,71,77,77,60,83,79,79,64,51,85,68,64,66,75,63,61,61,63,60,79,29,53,44,51,49,87,63,68,31,16,18,18,26,40,43,23,28,23,20,54,79,82,74,31,53,47,30,56,18,30,29,54,26,40,44,13,30,7,35,37,12,37,18,15,36,21,40,31,16,14,22,16,31,54,42,5,38,60,46,54,66,46,63,24,85,33,52,50,54,41,28,74,28,59,36,57,43,44,156,86,70,37,28,13,20,113,229,212,23,16,11,15,13,134,17,50,56,51,51,41,35,53
20150501,7,PM10,210,148,183,226,124,132,180,176,184,259,228,156,165,196,149,142,67,139,101,27,145,61,40,99,141,144,88,111,134,124,73,33,96,149,100,118,84,77,79,132,57,86,94,69,136,89,100,111,164,22,162,94,67,33,41,28,19,18,19,32,43,29,47,15,26,8,45,57,61,50,66,117,76,159,90,56,219,62,63,39,65,127,125,197,147,240,212,188,40,121,170,73,33,30,147,28,65,18,15,66,48,17,22,62,27,52,95,121,99,76,201,158,80,77,155,44,169,58,103,50,100,101,97,139,107,116,190,157,239,99,69,119,60,43,70,26,43,14,12,83,78,39,82,18,26,75,28,42,72,43,17,80,62,71,121,54,81,135,95,60,6,37,33,34,28,53,71,14,20,18,72,67,75,105,65,146,104,66,125,100,24,124,189,102,,109,178,107,53,124,70,148,257,132,104,115,194,54,69,393,55,325,94,86,104,59,103,102,118,74,119,100,79,122,150,26,88,141,34,25,37,125,101,102,128,90,52,193,63,67,94,79,34,95,74,53,41,48,61,79,108,118,122,60,53,68,67,122,101,141,98,95,148,110,120,112,86,97,155,96,112,92,106,85,100,57,58,104,56,63,137,59,61,35,18,25,50,23,80,48,28,40,47,13,58,56,7,33,31,74,71,3,37,24,29,54,72,26,86,62,27,29,21,60,78,23,36,43,25,,80,36,51,,25,48,23,4,137,40,4,19,61,18,39,118,29,87,52,52,50,44,53,,65,22,149,54,99,64,133,127,67,79,65,54,72,37,64,73,255,347,503,85,32,28,60,42,398,35,117,52,,57,92,125,94
20150501,7,PM10_24h,170,126,167,204,126,145,173,193,169,217,172,162,180,171,191,96,64,119,97,100,87,100,73,97,95,116,112,114,106,96,91,70,90,109,92,111,85,76,78,83,60,88,74,87,91,87,95,109,180,54,164,142,92,55,52,31,47,31,29,51,55,60,47,28,60,116,48,52,47,156,138,102,293,129,90,77,196,151,55,59,72,168,156,200,151,183,201,168,63,116,118,133,66,49,144,60,72,27,24,74,59,27,88,69,39,36,123,184,105,79,186,137,91,66,110,85,122,56,125,70,58,65,95,147,117,113,214,142,158,131,124,126,97,103,86,34,50,18,84,113,56,61,134,102,113,75,40,122,141,168,139,172,119,47,486,68,118,152,91,67,33,64,51,55,51,67,89,44,34,38,104,79,93,115,85,83,111,68,89,94,68,110,111,70,,94,128,109,77,108,120,133,111,176,87,325,203,65,293,179,75,274,261,133,111,107,92,110,123,95,104,89,84,90,77,31,65,117,62,86,38,83,80,85,109,76,49,104,73,71,79,86,43,66,71,80,74,60,77,129,97,119,122,94,97,123,128,117,104,140,131,114,119,135,124,119,95,107,124,126,108,86,109,104,109,52,77,110,69,61,132,110,103,63,30,39,37,42,82,112,37,49,41,58,120,106,128,107,74,87,87,54,92,33,47,46,74,45,89,76,32,42,21,49,82,27,52,34,36,38,64,50,60,23,32,34,26,59,166,38,16,66,150,86,107,226,86,151,67,242,51,155,131,106,96,54,136,44,100,69,118,124,91,451,272,243,88,92,59,85,345,948,736,78,33,29,71,66,553,32,115,91,64,65,94,119,96
20150501,7,SO2,15,19,62,206,30,13,34,39,32,28,38,28,27,25,7,52,11,10,14,8,23,13,11,18,12,54,20,38,64,14,14,4,11,25,18,17,29,23,10,8,4,38,37,6,20,6,10,13,36,11,27,19,16,9,6,4,11,7,9,8,7,37,8,3,5,3,9,47,8,11,7,9,8,11,39,15,19,3,25,10,12,71,10,79,52,104,107,52,6,27,119,61,12,7,63,12,6,5,4,6,6,2,18,9,6,23,44,12,21,17,42,29,13,30,33,34,18,14,15,7,28,30,53,35,14,35,24,116,36,8,31,48,10,7,21,3,12,3,6,13,29,13,49,5,3,7,14,7,4,5,5,10,23,12,45,3,3,73,46,16,4,7,6,9,8,11,7,4,13,7,11,16,12,50,20,21,34,28,19,24,12,16,16,25,,18,14,21,12,38,22,86,17,34,53,35,35,50,4,11,5,4,2,37,41,16,20,22,5,7,5,11,33,20,38,3,10,19,27,8,25,23,7,17,38,88,5,20,26,25,11,45,12,31,3,7,19,8,3,12,25,24,83,18,26,31,25,115,28,28,21,14,45,25,24,24,43,22,36,19,23,21,24,53,3,17,72,28,9,32,17,40,2,16,4,9,26,62,28,20,6,17,11,10,3,7,5,2,2,5,11,9,4,5,18,21,22,31,43,11,10,5,3,12,57,15,6,23,6,6,11,9,7,2,30,7,4,9,40,7,3,5,9,7,6,467,6,10,17,4,14,5,9,9,12,9,35,4,9,18,21,2,3,10,4,4,4,3,11,16,9,18,229,7,13,3,7,2,3,11,10,23,9,11,19,26,42
20150501,7,SO2_24h,16,20,50,74,27,30,36,56,36,35,36,30,38,36,20,31,10,12,10,17,17,23,18,29,22,40,28,37,37,26,21,13,15,25,21,19,25,24,24,8,7,32,28,8,16,6,12,28,31,16,23,24,20,12,10,5,13,9,10,12,7,25,9,4,13,18,9,26,8,18,7,10,15,12,29,17,27,19,14,11,8,65,31,55,31,93,69,56,15,27,62,40,13,12,66,23,9,5,4,6,8,3,25,14,8,15,27,36,27,33,51,23,20,24,31,62,19,12,25,7,26,19,51,42,22,22,47,38,50,14,29,36,17,9,25,5,14,3,15,25,33,13,20,15,10,9,12,14,17,11,12,21,7,13,53,9,4,45,58,19,7,17,10,14,12,23,21,9,15,12,33,30,22,29,33,21,34,19,22,29,19,12,20,23,,20,17,15,7,20,47,49,38,59,74,18,17,48,7,25,4,5,2,47,21,23,14,21,5,4,2,11,21,10,15,3,9,13,14,15,27,22,7,30,39,38,5,22,17,25,9,32,30,30,2,17,23,12,6,13,27,59,46,32,24,33,32,76,35,35,20,15,34,22,16,23,21,25,32,31,14,18,20,35,19,16,50,31,14,53,24,38,4,17,2,12,16,45,24,18,6,21,8,17,16,23,40,12,29,5,17,12,33,6,17,22,13,27,65,17,11,7,9,11,60,16,11,16,11,3,12,6,28,2,7,7,4,10,37,11,3,8,14,10,43,223,9,4,17,9,6,10,4,13,10,14,13,4,5,15,21,3,7,5,3,5,7,3,13,16,10,18,91,7,14,4,9,9,3,12,12,28,9,16,23,19,30
20150501,7,NO2,70,37,65,84,53,30,58,17,46,57,36,28,49,25,14,63,49,37,53,19,44,48,12,29,30,36,45,55,51,35,21,17,24,50,45,55,64,56,31,38,19,77,52,18,32,30,28,26,38,12,53,50,25,28,19,12,15,6,10,29,13,15,31,10,16,13,27,34,18,13,37,28,17,62,39,21,33,8,36,17,13,53,35,48,35,81,84,28,31,32,42,40,24,30,59,22,9,10,5,17,4,5,28,8,25,32,35,13,21,33,77,12,38,47,68,41,49,18,14,21,27,34,39,46,28,46,31,50,23,29,42,40,11,5,21,9,16,16,8,18,47,16,12,6,8,30,19,14,5,19,20,18,31,27,20,12,8,63,59,27,12,25,18,24,17,19,29,11,19,4,27,38,69,64,27,47,54,14,72,41,7,29,46,44,,38,43,39,26,28,9,29,10,40,4,37,18,30,15,18,20,3,6,26,41,33,57,43,33,27,25,37,47,44,67,20,40,37,44,31,15,29,24,30,54,29,12,59,52,37,21,8,29,22,21,27,7,30,11,21,21,21,31,20,4,18,16,35,62,31,45,28,37,27,33,24,63,58,34,25,38,20,13,15,8,31,15,15,13,24,23,25,4,22,3,10,20,11,17,7,9,25,21,6,5,4,6,3,5,34,18,8,8,6,35,25,54,7,10,19,19,8,3,4,34,6,14,10,10,23,25,22,32,2,13,7,15,5,25,2,2,7,18,1,8,13,17,30,14,40,22,10,30,10,67,12,46,16,10,36,27,35,13,12,13,16,13,4,44,8,5,7,6,15,17,9,14,14,1,16,26,30,16,5,41,16,28
20150501,7,NO2_24h,48,27,40,59,35,28,39,23,32,30,39,23,55,27,25,43,37,39,42,34,50,53,16,27,33,30,44,47,40,21,22,17,29,36,40,44,43,36,34,25,17,48,32,19,26,23,35,33,36,21,47,45,31,39,32,14,27,10,11,33,18,30,28,12,29,43,28,25,16,24,30,28,18,46,33,19,30,17,25,10,12,38,42,33,23,60,59,24,37,25,30,34,50,37,34,26,13,13,7,21,8,8,40,12,20,18,25,20,23,26,59,14,32,41,54,34,36,16,13,22,25,27,30,37,24,30,39,35,27,34,33,28,16,51,31,13,22,10,29,28,34,19,20,19,15,24,15,22,22,30,24,24,10,18,12,17,19,39,35,18,9,52,14,26,47,17,25,19,20,6,34,37,50,33,32,34,43,18,48,41,13,20,31,46,,35,33,30,29,23,24,19,13,30,9,13,15,25,14,27,13,7,5,22,32,37,32,45,26,15,19,30,18,12,23,11,21,20,16,18,16,27,17,24,52,19,9,54,44,27,17,8,25,17,17,31,13,27,21,24,14,26,21,23,15,19,21,27,42,29,45,30,21,23,20,21,25,46,30,33,24,26,12,18,14,27,15,18,26,31,25,31,12,22,3,14,14,12,13,12,11,24,18,22,23,19,43,22,20,32,23,24,15,7,31,22,41,10,8,26,9,25,6,6,27,9,15,11,11,13,28,17,27,2,13,15,9,13,29,6,3,14,16,4,15,11,17,12,14,36,22,15,14,15,59,18,34,13,13,14,19,17,22,10,8,14,17,7,29,8,15,13,21,16,15,8,12,8,14,15,21,28,20,13,35,12,27
20150501,7,O3,24,27,15,15,21,30,51,107,64,17,64,62,22,52,58,53,33,78,43,104,66,39,95,33,48,15,22,19,12,45,46,91,22,45,84,39,38,28,61,48,70,53,69,110,39,98,43,48,57,98,65,76,35,8,38,35,15,27,11,15,55,29,9,12,66,73,49,52,72,51,14,20,36,12,19,26,42,102,94,64,75,47,35,48,62,27,45,43,86,54,40,46,86,71,32,37,119,42,28,31,83,30,8,117,2,16,94,80,68,24,17,97,87,31,19,71,55,64,55,69,35,47,26,35,45,72,78,77,53,17,41,28,22,80,11,58,53,15,75,55,26,58,62,77,29,14,67,64,51,50,42,51,35,79,26,69,103,28,36,37,89,69,57,68,100,45,53,78,66,78,44,35,13,15,55,32,23,67,7,63,108,11,40,74,,28,22,42,67,17,91,47,37,62,39,26,118,87,58,74,61,51,67,77,61,97,28,16,29,53,66,45,50,46,27,26,39,57,37,35,68,64,58,62,37,26,31,41,92,28,110,7,58,57,60,12,99,6,114,30,20,37,66,34,42,23,56,87,49,57,61,72,69,82,67,87,57,94,74,71,52,106,97,69,20,11,25,43,62,34,32,16,33,22,18,39,27,27,12,28,42,29,6,103,68,83,84,81,101,23,49,64,91,29,9,32,44,77,10,18,13,74,42,49,41,103,29,63,86,51,6,87,8,33,35,70,67,103,18,94,63,65,53,83,81,67,43,17,49,34,97,81,33,79,21,35,9,74,62,29,38,35,100,6,27,43,71,49,40,17,36,52,97,57,7,51,35,29,73,29,88,58,53,86,61,74,60
20150501,7,O3_24h,227,252,200,241,98,159,226,249,230,188,214,221,152,140,155,154,146,160,76,165,175,248,150,171,141,208,195,235,193,163,171,173,60,232,238,166,126,200,216,175,232,198,178,181,96,204,189,306,215,127,196,233,138,187,105,75,162,106,75,249,183,139,87,70,138,190,94,102,143,163,82,84,104,74,115,144,156,175,152,139,157,209,251,213,214,216,263,189,146,198,182,217,128,118,240,130,139,97,66,112,161,67,178,189,70,55,211,206,133,136,154,136,124,138,148,154,187,104,158,99,56,97,135,184,106,190,251,187,164,152,226,205,120,134,84,93,132,44,142,158,121,147,115,151,68,79,157,143,146,164,111,164,111,129,105,97,105,203,189,103,115,135,133,137,113,152,110,121,111,103,212,188,99,177,197,192,125,226,208,207,137,95,141,161,,87,181,129,146,96,219,119,124,194,85,99,145,119,122,222,112,119,96,145,163,192,174,199,205,107,126,170,121,136,116,101,112,139,113,97,99,127,120,190,72,55,96,133,189,111,140,427,96,63,124,113,135,157,171,106,130,209,219,145,101,177,184,192,160,172,171,173,171,146,181,173,155,161,181,199,200,190,183,147,132,120,124,178,79,70,122,127,101,137,28,70,92,101,93,75,96,90,100,143,150,154,242,223,150,78,67,127,190,88,93,127,89,117,53,136,35,83,53,118,128,110,112,83,120,114,129,164,131,113,68,125,104,114,83,104,123,137,143,197,174,116,143,89,133,93,140,124,98,174,82,63,115,116,97,120,116,95,176,26,69,81,115,59,92,18,63,80,100,131,88,87,88,110,87,106,178,114,155,147,100,115,144
20150501,7,O3_8h,70,34,58,33,29,41,89,189,116,45,66,88,32,79,63,64,54,53,44,92,61,48,90,62,54,29,20,25,23,45,62,95,29,63,115,61,50,61,58,54,63,84,90,128,42,138,59,92,73,100,80,100,25,10,35,36,16,27,14,12,67,30,10,14,67,70,52,59,94,56,20,24,37,9,28,33,69,105,70,70,86,57,46,78,94,27,62,56,95,70,52,68,67,85,50,48,121,29,30,25,107,33,9,102,6,27,114,101,75,45,30,110,73,24,21,84,46,75,45,66,42,59,36,48,51,91,76,106,79,25,76,41,25,64,9,57,58,30,75,58,51,83,61,84,30,34,80,66,55,56,44,68,81,79,45,64,95,63,71,42,88,56,64,59,102,56,54,72,64,84,46,25,17,36,40,42,29,94,53,91,106,21,44,83,,26,44,65,56,33,97,67,59,95,40,52,121,90,72,85,83,79,74,79,56,91,19,17,44,63,79,43,69,57,47,32,51,52,63,61,51,64,74,97,36,29,38,29,85,44,100,12,64,52,74,42,81,17,124,28,27,44,82,32,46,50,61,77,61,66,73,83,91,95,80,100,105,84,85,74,60,101,110,70,23,18,34,61,27,36,39,24,25,38,24,49,39,25,26,32,61,30,6,93,66,87,75,81,94,14,50,64,97,40,15,53,49,79,11,20,15,41,38,74,53,107,35,65,86,71,11,102,26,47,44,71,85,98,25,98,70,64,70,161,98,84,58,52,58,65,85,86,68,85,44,41,28,91,71,52,58,64,104,7,33,55,70,48,44,17,36,58,85,72,20,63,42,60,78,32,106,71,70,83,53,75,57
20150501,7,O3_8h_24h,210,198,175,211,83,110,201,231,217,178,190,204,134,127,141,142,116,143,69,141,154,196,140,138,125,171,162,197,168,133,153,151,52,195,200,151,112,180,192,158,181,184,167,176,82,172,155,153,193,114,175,196,116,147,82,58,125,81,56,185,147,112,71,53,116,163,85,96,135,138,69,74,84,67,97,125,128,160,137,133,139,137,214,195,201,187,204,170,107,184,168,188,120,102,187,109,131,69,56,86,139,54,153,163,60,52,195,193,124,112,134,124,114,120,130,135,168,101,140,95,51,85,117,153,99,180,201,173,154,135,190,159,100,118,66,84,109,40,128,123,111,129,97,140,59,70,142,127,134,135,99,152,104,124,96,91,99,192,165,98,104,109,123,125,102,140,97,107,102,98,166,161,86,154,169,165,110,185,186,179,130,77,105,146,,79,165,122,128,85,203,111,112,178,81,95,126,96,105,197,106,91,113,133,140,179,155,162,188,104,117,158,110,129,111,102,105,118,111,89,97,104,110,164,61,49,85,108,165,93,117,253,81,56,115,88,124,122,158,92,112,146,196,118,92,121,168,172,146,153,151,163,162,140,164,162,142,137,164,177,176,173,172,136,102,87,105,155,56,62,101,94,89,100,26,59,70,91,73,65,90,78,89,127,131,143,183,172,138,65,61,124,155,84,81,115,83,106,42,115,24,74,48,113,124,107,100,80,104,106,103,116,114,101,61,109,101,110,78,100,114,129,131,178,160,118,137,78,126,110,137,131,94,170,76,53,94,110,93,114,112,91,157,23,66,88,107,55,85,17,59,71,87,118,81,83,81,100,78,91,169,101,138,117,92,105,123
20150501,7,CO,1.55,0.984,0.992,4.013,1.508,0.864,1.411,0.738,1.127,2.467,1.007,1.126,1.368,1.627,0.593,1.44,0.654,0.87,0.414,0.584,1.075,0.702,0.436,2.021,1.516,1.45,0.765,1.539,2.12,1.055,0.891,0.496,1.723,1.085,0.84,1.045,0.656,0.93,0.647,0.98,0.518,0.821,0.738,0.543,1.307,0.659,0.508,1.076,1.231,0.713,1.643,1.019,0.841,0.772,0.798,0.559,0.561,0.73,0.399,0.703,0.66,0.664,1.043,0.358,0.609,0.478,0.576,1.111,0.67,1.263,0.822,0.98,0.666,1.044,1.566,0.979,0.963,0.409,0.608,0.523,0.877,1.342,0.809,1.733,1.649,2.972,2.435,0.83,1.084,1.139,1.675,1.156,0.465,0.438,1.519,1.033,0.877,0.762,0.594,0.913,0.587,0.604,0.672,0.823,1.134,1.4,1.406,1.075,1.158,1.741,1.812,0.898,1.204,1.387,2.011,0.653,0.78,0.629,0.586,0.469,0.964,1.435,1.083,1.358,1.793,2.372,1.031,0.97,0.772,1.175,1.543,1.137,0.761,1.252,1.092,0.795,0.679,0.537,0.481,0.724,1.398,0.542,0.249,0.641,0.481,0.98,0.949,0.809,0.584,1.409,0.911,0.415,2.205,0.467,0.662,0.903,0.441,0.763,2.952,1.101,0.4,0.447,0.624,0.409,0.696,0.661,0.469,0.256,1.046,0.496,0.745,0.845,0.913,1.314,1.426,1.368,1.229,0.619,0.985,0.465,0.518,1.096,1.138,0.768,,0.547,0.818,1.314,0.648,1.758,0.615,1.393,1.423,0.92,2.583,0.856,0.933,0.58,0.37,0.437,0.411,0.597,0.65,0.922,1.112,0.725,1.138,1.934,1.211,0.728,0.482,0.865,1.399,1.572,3.393,0.181,0.686,1.071,0.567,0.742,0.333,1.112,0.958,0.814,1.115,0.598,0.155,1.348,1.02,0.409,0.864,0.565,0.699,1.315,0.847,1.304,1.068,1.147,0.931,0.663,1.675,1.403,0.865,1.234,0.646,0.942,0.982,0.598,1.182,0.652,1.193,0.867,1.088,1.11,0.705,0.838,1.74,0.947,0.992,0.964,2.019,1.43,1.044,1.175,1.016,1.045,0.903,0.65,1.079,0.576,1.485,1.448,0.556,0.39,0.332,0.96,1.39,0.7,2.14,0.621,0.991,0.77,0.809,0.302,0.517,0.132,0.491,0.217,0.423,0.831,0.703,0.682,0.238,0.295,0.782,1.211,0.866,0.388,0.598,1.237,0.724,0.451,0.344,1.013,1.019,0.5,1.245,0.561,0.489,0.201,0.664,0.488,0.503,0.656,0.549,3.051,0.317,0.19,1.835,2.879,0.251,0.689,2.875,0.515,2.313,1.016,0.426,1.583,0.487,0.792,1.275,2.082,1.039,0.475,0.817,0.402,2.396,0.512,0.51,0.272,0.401,0.657,0.407,1.441,1.851,0.439,0.589,0.416,0.73,1.027,0.31,0.241,1.796,0.77,1.336,0.771,0.507,0.291,0.483,0.288,0.88,1.228,0.796,0.942,1.947,3.039,1.043
20150501,7,CO_24h,1.175,0.796,0.975,2.266,1.439,1.12,1.065,1.102,1.172,1.826,0.836,1.07,1.061,1.673,0.72,1.016,0.56,0.748,0.448,0.778,0.757,0.948,0.596,0.989,1.39,1.099,1.042,1.242,1.516,0.828,0.971,0.664,1.535,0.833,0.856,0.955,0.532,0.847,0.611,0.684,0.595,0.718,0.653,0.618,0.941,0.669,0.641,1.025,1.113,0.697,1.457,0.947,0.867,0.905,0.834,0.582,0.72,0.839,0.513,0.748,0.721,0.882,0.903,0.678,0.715,0.868,0.621,0.875,0.539,1.568,0.625,0.927,0.675,0.74,0.991,1.032,0.913,0.716,0.619,0.537,0.832,1.507,1.05,1.564,1.383,2.339,2.097,0.929,0.882,0.696,1.307,1.247,0.47,0.504,1.177,1.264,0.975,0.788,0.665,1.016,0.703,0.744,0.972,1.045,1.155,0.778,1.502,1.375,1.006,1.587,1.611,0.954,1.37,1.199,1.431,0.991,0.688,0.6,0.578,0.516,0.668,1.143,0.858,1.394,1.478,1.854,1.147,0.741,1.222,1.158,1.19,0.98,0.913,1.266,1.234,0.795,0.801,0.49,0.912,0.838,1.384,0.722,0.806,0.928,0.857,0.767,0.853,1.179,0.944,1.583,1.183,0.727,1.136,0.54,0.39,0.961,0.446,0.494,2.058,0.639,0.43,0.474,0.451,0.41,0.755,0.587,0.498,0.276,1.071,0.542,0.987,1.244,1.163,0.817,1.107,0.751,1.022,0.688,0.823,0.559,0.695,0.788,0.822,0.752,,0.319,0.701,1.183,0.799,1.897,0.781,1.349,1.628,1.073,2.85,0.407,0.519,0.318,0.368,0.566,0.44,0.469,0.611,1.323,1.001,1.298,0.983,1.271,0.932,0.605,0.325,0.787,0.833,0.514,0.795,0.254,0.406,0.581,0.267,0.515,0.361,0.819,0.757,0.634,0.904,0.699,0.147,0.88,0.688,0.284,0.689,0.5,0.637,1.068,0.853,1.453,1.146,1.129,0.986,0.626,1.082,0.995,0.746,1.28,0.711,0.984,1.093,0.707,0.899,0.678,1.215,0.897,0.781,0.98,0.606,0.851,1.458,0.912,1.271,1.062,1.494,1.36,1.02,1.122,0.962,0.83,0.831,0.832,1.375,0.519,1.373,1.562,0.522,0.808,0.335,0.989,1.132,0.763,2.019,0.849,0.997,0.674,0.736,0.468,0.739,0.484,1.175,0.567,0.691,0.766,0.918,0.952,0.637,0.269,0.745,1.068,0.51,0.383,0.6,1.717,0.574,0.633,0.316,0.977,0.701,0.534,1.252,0.54,0.549,0.125,0.654,0.48,0.504,0.601,0.556,3.266,0.315,0.209,1.926,2.901,0.246,0.941,3.075,0.75,2.702,0.757,0.518,0.977,0.564,0.798,0.695,2.226,0.643,0.582,0.498,0.51,1.065,0.39,0.353,0.262,0.345,0.568,0.386,0.783,1.612,0.468,0.73,0.502,0.462,1.019,0.455,0.592,1.148,0.812,1.465,0.647,0.449,0.325,0.495,0.32,0.793,1.433,0.911,1.206,2.214,3.388,1.166
20150501,8,AQI,238,133,160,231,109,105,212,129,165,236,171,148,128,154,99,93,62,82,83,48,146,89,60,114,178,136,91,88,117,105,80,49,78,143,82,109,83,89,85,126,56,103,92,87,98,82,92,77,141,50,130,78,70,31,48,28,20,18,18,38,46,27,55,20,34,36,43,56,54,48,60,86,60,109,63,75,137,56,60,60,71,137,110,181,141,184,150,139,51,89,128,91,54,42,113,25,74,20,16,78,60,17,22,99,30,53,93,97,76,71,138,142,64,74,109,54,100,55,71,62,106,109,86,108,106,87,170,147,113,94,75,99,64,46,55,29,48,17,39,29,69,41,40,42,30,78,40,40,49,58,25,51,63,41,79,52,66,117,96,62,45,33,48,40,56,61,62,38,34,42,83,66,74,114,67,144,104,75,120,89,58,153,177,85,,115,116,90,56,103,77,105,130,110,84,97,177,54,61,119,66,123,73,69,77,61,89,84,99,69,94,85,69,163,149,39,78,110,86,58,29,121,117,125,114,92,56,239,71,86,93,70,36,121,82,65,83,61,75,75,89,74,97,67,64,74,63,115,91,111,89,100,114,83,114,98,89,91,117,88,96,91,87,80,111,60,55,73,66,67,125,62,58,43,26,25,53,30,67,52,46,69,53,48,34,43,37,42,48,71,54,33,48,30,41,60,67,40,68,60,33,29,23,62,70,56,41,58,43,63,65,50,51,22,33,49,41,50,136,49,34,32,58,91,46,99,32,114,54,58,67,49,63,43,68,27,124,62,80,81,100,93,69,83,61,58,92,38,50,61,141,300,395,71,19,32,63,88,189,46,110,54,65,70,72,83,75
20150501,8,PM2.5,187,101,121,180,78,72,161,80,125,185,129,113,97,117,50,69,43,59,37,33,111,66,42,85,134,103,67,65,88,78,58,23,57,109,60,81,61,66,62,95,39,76,68,64,73,60,68,50,107,12,98,57,50,21,26,9,14,12,12,26,32,18,22,8,17,7,24,27,31,23,42,53,24,51,42,54,104,26,42,42,51,104,82,136,107,138,115,106,28,62,97,67,32,24,84,17,53,6,10,57,42,10,15,74,13,23,69,72,55,46,105,108,33,51,81,37,61,25,43,33,79,81,57,80,79,63,128,112,38,70,54,74,45,32,38,9,28,8,7,6,41,24,16,5,19,57,20,28,34,40,17,28,37,15,41,20,38,82,71,28,4,23,26,22,15,43,22,18,18,12,61,47,53,85,48,110,77,54,90,66,24,116,133,62,,86,87,66,39,76,53,78,81,82,49,33,133,27,25,89,22,85,29,45,40,35,66,58,74,27,48,62,33,123,114,9,44,79,49,40,9,91,88,94,85,68,39,188,51,63,69,47,25,91,60,46,61,43,54,54,66,53,68,48,45,53,44,86,67,83,66,75,85,50,85,73,66,67,88,65,71,67,64,58,83,42,37,32,47,48,94,43,40,23,12,13,35,20,37,21,32,49,36,7,18,30,3,29,7,51,34,2,12,21,14,42,44,13,35,42,14,19,3,29,39,13,18,36,15,44,22,34,29,13,17,28,27,8,73,32,6,11,33,2,16,60,13,85,23,21,48,27,39,16,46,11,93,38,56,48,67,44,24,61,38,32,68,17,16,20,58,133,121,22,13,6,20,65,100,19,82,37,46,50,46,26,54
20150501,8,PM2.5_24h,139,103,103,156,81,76,119,89,97,154,89,97,89,84,51,48,35,49,36,57,53,75,52,57,60,74,74,60,51,58,59,40,50,74,59,71,60,55,57,57,41,58,54,64,46,56,60,46,98,24,87,59,54,33,24,13,26,19,16,33,31,35,21,12,30,61,27,23,27,53,56,38,66,35,48,44,83,53,33,39,46,113,79,120,102,131,110,91,35,54,73,72,36,28,78,37,54,12,14,56,40,12,41,72,22,20,76,71,50,48,84,72,41,29,49,58,54,18,50,36,42,44,51,79,70,59,126,80,72,78,71,75,57,64,58,14,31,8,51,65,28,36,87,53,63,48,29,55,60,62,53,58,25,24,108,21,35,73,57,27,21,38,24,30,26,37,29,28,18,18,72,57,64,78,56,52,80,49,62,60,44,61,74,43,,57,64,61,47,56,55,56,69,99,37,112,78,21,92,73,29,84,107,58,52,64,56,55,72,28,41,40,27,34,33,13,30,41,19,29,11,50,50,49,57,51,34,86,44,43,47,43,30,51,55,41,48,36,61,59,53,61,51,66,65,69,76,77,59,81,76,76,63,50,85,64,64,66,75,63,62,62,63,59,80,28,50,43,51,47,87,61,68,30,16,17,18,25,39,42,24,28,23,20,51,76,77,71,29,52,47,28,51,18,30,29,53,26,41,44,13,30,7,34,36,12,35,18,16,37,21,39,31,16,13,22,16,31,55,42,5,36,59,45,52,66,44,61,24,80,34,51,49,52,41,28,75,28,60,36,59,44,43,156,79,65,38,28,14,20,115,221,204,23,17,11,15,15,128,17,51,54,51,51,41,27,52
20150501,8,PM10,209,169,188,226,165,158,200,205,204,264,225,156,170,204,145,133,72,112,113,31,140,74,54,143,156,158,93,113,120,124,81,46,98,157,89,118,82,68,78,125,55,90,97,82,134,94,113,101,184,24,154,99,80,30,47,27,17,15,16,35,43,26,57,19,27,14,42,59,55,47,67,119,67,166,73,56,209,56,64,51,69,150,131,206,158,214,208,194,50,125,157,70,55,32,161,24,65,19,15,61,49,16,19,79,29,54,109,131,100,90,206,161,76,95,153,42,147,57,89,71,121,90,120,159,107,121,196,180,173,84,74,128,65,42,58,27,47,16,18,23,86,40,39,27,29,96,37,31,45,46,16,50,73,40,105,51,79,182,110,72,7,26,47,39,28,53,72,23,21,22,74,58,70,113,77,120,109,62,117,97,31,135,198,100,,106,168,128,46,126,102,152,208,138,115,142,193,56,70,152,80,194,93,85,101,69,106,116,145,86,136,102,85,261,220,38,103,167,119,48,28,132,107,95,145,107,55,215,74,80,116,87,35,107,75,55,72,56,61,83,102,90,142,62,56,66,56,123,100,117,111,98,146,114,130,111,96,102,131,97,110,91,107,95,97,58,57,94,49,65,146,72,52,42,25,21,53,29,82,51,40,61,44,14,32,39,5,35,26,73,55,5,33,25,40,62,81,28,84,62,32,28,22,71,87,22,40,63,36,,77,40,50,,32,48,37,10,220,36,5,18,63,7,34,138,31,120,55,64,68,48,73,16,83,26,174,72,108,109,148,133,85,95,69,64,66,37,49,70,229,419,495,89,16,29,74,75,326,45,113,53,48,63,91,113,77
20150501,8,PM10_24h,171,128,166,206,129,145,172,197,170,217,173,160,177,170,191,96,63,120,92,97,90,99,72,99,96,120,111,114,102,86,91,69,91,111,92,112,85,77,77,84,59,89,73,86,93,84,96,110,179,50,161,141,88,54,51,30,45,30,29,50,55,57,47,28,57,105,48,52,48,153,136,102,290,131,87,75,198,147,55,59,72,160,153,197,147,175,194,168,60,114,120,129,61,49,141,59,71,26,24,74,59,26,89,69,38,35,122,182,104,80,186,137,91,66,112,84,124,54,121,65,60,65,96,147,114,112,213,139,158,129,122,126,94,101,87,33,50,18,79,109,55,61,129,96,109,74,39,120,138,165,138,168,95,48,483,68,117,150,90,66,31,59,46,54,49,66,88,43,32,37,103,78,91,113,82,84,110,69,89,95,65,112,115,71,,92,131,107,72,109,118,134,117,176,86,324,205,64,291,178,71,271,258,129,109,106,92,110,124,93,100,88,84,94,83,31,66,118,59,80,38,84,81,85,110,77,50,106,73,69,80,63,42,68,72,80,74,59,77,129,94,118,122,92,95,119,127,119,103,135,128,108,117,132,124,112,95,107,124,125,109,86,109,104,110,51,75,109,68,60,131,108,102,61,30,38,37,41,81,111,37,50,40,56,111,102,120,101,71,86,87,51,87,33,46,46,74,45,90,71,32,41,21,50,80,26,51,35,37,38,66,50,60,,32,34,27,58,173,39,16,63,149,83,104,210,83,128,66,235,53,153,128,105,94,54,138,43,103,71,122,128,88,438,262,237,87,91,58,86,347,886,711,77,33,29,71,66,544,33,115,90,64,65,94,111,93
20150501,8,SO2,22,21,82,201,25,17,43,32,38,38,50,32,33,23,9,55,13,9,12,8,22,14,12,21,13,52,23,41,49,22,16,4,17,63,19,22,33,39,14,12,4,43,39,8,21,6,14,16,39,12,29,22,22,11,6,3,11,7,10,8,7,34,8,3,5,4,11,46,7,11,9,15,8,12,20,32,16,3,17,14,12,74,8,74,79,83,90,48,7,28,111,77,11,5,66,12,6,6,4,6,6,2,19,16,8,26,46,11,36,29,66,32,14,38,49,59,15,14,31,8,32,26,63,44,16,36,40,78,38,7,32,33,14,7,21,3,12,3,7,7,36,7,46,5,4,10,16,6,4,5,6,9,27,20,47,4,3,66,61,16,4,7,6,9,8,11,6,5,13,8,12,16,15,52,20,24,47,28,24,29,13,12,20,25,,18,16,27,9,30,31,87,17,34,53,29,37,44,5,11,6,4,1,33,38,23,19,35,6,13,7,15,29,14,43,4,14,17,26,7,24,26,8,18,40,69,5,28,15,26,13,52,12,36,2,7,18,7,3,12,33,17,62,23,33,32,27,108,30,20,26,19,44,20,28,38,41,19,51,23,23,14,30,33,3,19,69,27,7,26,23,44,1,11,3,9,22,82,29,18,8,22,9,9,3,7,3,2,1,7,12,9,6,6,19,26,25,33,39,18,10,6,3,15,119,15,7,79,8,7,12,13,9,2,35,8,5,13,60,9,2,5,10,5,6,487,7,20,22,11,15,6,17,9,22,8,42,6,9,18,22,6,3,11,5,6,6,3,12,16,10,18,245,9,14,3,4,3,1,12,10,24,10,16,23,27,28
20150501,8,SO2_24h,16,20,51,80,27,29,37,56,37,35,37,30,37,35,19,29,10,12,10,15,17,22,17,29,21,41,26,36,33,25,20,12,15,31,21,19,25,25,22,8,7,31,28,8,16,7,12,26,32,15,22,24,20,11,10,5,13,9,10,12,7,25,9,4,12,15,9,25,8,18,6,10,14,13,28,17,25,17,14,11,8,66,29,55,32,88,67,55,14,27,65,42,13,12,66,23,8,5,4,6,8,3,25,14,8,15,28,33,26,33,51,24,20,24,31,62,19,12,26,7,25,19,53,41,21,22,46,39,48,14,29,35,16,9,25,5,13,3,14,24,33,12,21,14,10,9,12,14,17,10,12,20,8,14,51,10,4,45,59,19,7,16,9,13,12,22,21,9,14,11,32,28,21,28,29,21,35,19,21,29,18,12,20,23,,20,17,15,7,20,41,49,37,56,73,15,18,49,7,23,4,4,2,46,21,22,14,20,5,4,3,11,21,10,16,3,9,13,15,15,27,22,7,28,39,40,5,22,17,24,9,44,30,30,2,17,23,12,6,13,26,53,45,32,24,32,33,79,35,33,21,14,35,21,16,22,22,24,33,31,14,17,20,34,18,15,46,29,14,49,24,37,4,15,2,12,17,45,24,18,6,21,8,16,15,22,37,12,26,5,17,12,31,6,17,21,14,26,63,17,11,7,6,11,60,16,11,18,12,3,12,7,27,2,8,7,4,10,39,11,3,8,14,10,43,241,9,4,17,8,7,10,4,13,10,13,13,4,6,15,21,3,7,5,3,5,7,3,13,16,10,18,97,7,14,4,9,9,3,12,11,28,9,15,23,21,30
20150501,8,NO2,71,30,70,87,46,30,51,12,57,51,39,23,54,30,18,58,44,31,45,22,39,50,15,24,28,35,43,56,48,26,22,16,26,56,39,55,55,50,35,38,22,71,50,22,33,30,35,29,38,14,57,56,33,27,21,10,13,7,9,30,16,15,31,11,15,21,27,32,24,17,39,29,23,60,42,30,25,11,19,17,15,61,31,42,35,64,68,25,29,29,36,42,20,22,56,26,11,14,5,20,7,6,28,8,27,35,37,10,24,32,79,13,24,51,79,39,50,19,13,22,28,33,47,46,30,39,30,58,26,29,33,45,13,11,23,8,17,13,13,10,56,13,14,9,7,35,24,16,7,26,26,17,39,43,21,23,10,57,38,24,12,29,17,23,19,16,19,16,19,9,29,33,60,65,28,49,54,14,64,40,9,26,48,51,,28,48,39,27,29,13,31,13,52,6,40,19,40,18,24,22,7,12,28,32,33,32,50,42,31,23,46,47,26,34,18,37,26,43,21,13,30,23,29,53,32,12,57,49,38,25,16,25,20,20,27,8,30,18,20,19,21,37,24,5,26,20,39,60,27,38,31,32,27,34,35,46,58,39,41,40,26,23,22,9,34,16,24,11,36,24,29,8,23,4,10,24,14,16,9,11,35,21,11,5,7,9,4,7,33,16,11,9,10,45,31,33,10,11,24,23,14,4,20,37,13,18,38,12,27,24,29,36,5,16,8,20,12,39,4,4,11,18,1,9,16,22,40,18,62,44,13,36,12,84,11,39,16,11,31,23,38,16,15,18,22,27,4,35,8,2,5,7,28,13,13,29,39,4,20,33,32,17,10,38,17,19
20150501,8,NO2_24h,48,27,40,60,36,28,39,21,33,30,39,23,54,26,23,42,36,38,42,32,48,52,15,26,32,30,43,47,41,21,22,17,28,37,39,45,43,36,33,26,17,49,33,19,27,22,35,33,35,20,46,45,31,38,31,14,25,10,11,33,18,28,28,11,27,40,27,24,16,23,30,28,18,47,32,19,28,15,24,10,12,37,39,33,23,56,58,23,36,23,30,33,47,36,33,26,12,12,7,21,8,7,40,11,20,19,25,18,22,26,58,13,31,41,53,33,36,16,13,22,25,27,31,37,23,30,37,34,26,33,33,28,15,51,31,13,21,10,27,27,35,18,19,17,14,25,14,21,21,29,24,23,12,19,12,17,17,39,35,18,9,50,13,26,45,16,23,19,19,6,34,37,49,34,32,35,43,17,48,40,12,20,31,47,,34,34,29,29,23,20,19,12,30,8,13,14,26,14,25,13,7,5,21,31,37,32,45,27,16,19,30,19,13,24,12,22,20,18,18,16,27,17,24,53,20,9,54,44,27,18,19,25,17,17,31,13,26,20,24,14,25,22,23,15,19,21,27,41,27,43,28,21,22,20,21,25,46,30,32,24,26,12,18,13,27,15,17,26,31,24,31,12,22,3,14,15,12,13,12,12,24,18,20,21,17,40,19,19,32,22,23,14,6,32,22,41,10,9,26,9,24,6,7,27,9,15,11,11,13,28,17,27,2,13,15,10,13,29,5,3,13,15,4,14,11,17,13,14,35,23,15,15,14,57,17,33,13,13,15,18,17,22,10,9,14,17,6,29,8,15,12,20,17,15,8,13,9,14,15,21,28,19,12,34,13,26
20150501,8,O3,31,52,20,24,35,37,62,99,74,34,60,75,26,48,55,79,46,102,53,104,80,52,96,51,55,28,38,33,32,53,48,94,22,68,94,40,46,44,71,65,86,62,82,104,44,99,47,42,72,100,69,74,25,10,39,32,18,27,14,19,54,33,13,13,55,62,51,57,67,47,16,24,34,10,24,18,58,98,111,73,73,46,44,64,74,39,71,49,72,62,54,56,93,86,48,30,114,24,30,29,72,30,9,116,6,17,99,77,67,18,21,97,103,53,24,73,75,64,73,71,39,56,28,41,46,94,85,67,49,20,53,27,23,70,14,55,52,25,67,64,21,65,59,68,30,10,66,60,46,44,34,54,36,62,30,58,98,41,65,49,91,69,70,68,109,57,79,64,68,70,56,55,20,26,72,41,29,82,33,80,112,19,43,78,,35,17,53,55,22,85,43,35,51,34,32,127,76,56,70,61,39,64,79,82,115,75,29,42,81,80,57,61,74,61,30,52,74,37,47,73,54,64,69,37,26,54,42,110,35,91,40,61,62,66,15,91,6,105,34,24,32,61,38,43,54,54,90,55,65,76,69,72,77,80,75,69,101,71,59,55,95,78,61,26,12,24,40,69,37,33,18,24,23,17,41,23,21,17,25,38,24,9,95,69,76,75,79,88,21,52,65,87,29,6,30,58,75,11,24,12,68,39,20,43,93,22,44,83,48,9,84,3,27,31,69,59,90,17,92,59,59,54,79,79,55,40,22,46,17,73,78,27,78,13,49,18,75,64,29,31,33,100,7,28,39,58,48,43,16,47,55,93,40,17,49,44,6,67,26,77,57,60,75,83,78,74
20150501,8,O3_24h,227,252,200,241,98,159,226,249,230,188,214,221,152,140,155,154,146,160,76,165,175,248,150,171,141,208,195,235,187,163,171,173,60,235,238,166,126,200,216,175,232,198,178,181,96,206,189,306,215,127,196,233,138,187,105,75,162,106,75,249,183,139,87,70,138,190,94,102,143,163,82,84,104,74,115,144,156,175,152,139,157,209,251,213,214,216,263,189,146,198,182,217,128,118,240,130,139,97,66,112,161,67,178,189,70,55,211,206,133,136,154,136,124,138,148,154,187,104,158,99,56,97,135,184,106,190,251,187,164,152,226,205,120,134,84,93,132,44,142,158,121,147,115,151,68,79,157,143,146,164,111,164,111,129,105,97,105,203,189,103,115,135,133,137,113,152,110,121,111,103,212,188,99,177,197,192,125,226,208,207,137,95,141,161,,87,181,129,146,96,219,119,124,194,85,99,145,119,122,222,112,119,96,145,163,192,174,199,205,107,126,170,121,136,116,101,112,142,111,97,99,127,120,190,72,50,96,133,189,111,140,249,96,65,124,113,135,157,171,106,130,209,219,145,101,177,184,192,160,172,171,173,171,146,181,173,155,161,181,199,200,190,183,147,132,120,124,178,79,70,122,127,101,137,28,70,92,101,93,75,96,90,100,143,150,154,242,223,150,78,67,125,190,88,93,127,91,117,53,136,35,83,53,118,128,110,112,83,120,114,129,164,131,113,68,125,104,114,83,104,123,137,143,197,174,116,143,89,133,93,140,124,98,174,82,63,115,116,97,120,116,95,176,26,69,80,115,59,92,18,63,80,100,131,88,87,88,110,87,106,178,114,155,147,107,127,144
20150501,8,O3_8h,59,34,45,27,29,37,81,174,103,37,63,83,29,72,61,62,49,59,46,95,61,49,92,58,51,24,20,24,28,44,59,96,27,62,108,54,47,52,56,53,64,76,87,123,43,134,56,89,70,99,79,96,25,10,37,35,16,27,14,11,65,30,10,14,67,70,53,58,88,55,18,22,35,9,26,29,67,105,74,69,83,54,43,73,88,26,60,51,94,65,49,61,71,83,46,47,119,29,30,26,100,33,8,103,4,24,109,93,70,41,24,108,80,26,20,81,47,73,48,67,42,59,33,44,50,89,78,100,71,24,72,37,24,65,9,56,56,29,76,57,45,81,59,82,30,29,78,66,54,53,42,64,73,77,41,65,96,60,65,43,88,58,62,59,105,55,58,75,66,83,46,29,15,32,45,40,27,88,56,88,108,19,42,82,,25,34,60,55,29,94,62,52,85,38,46,125,90,70,80,80,70,71,77,63,98,25,18,43,64,78,46,64,57,44,31,49,53,61,59,54,62,70,93,35,28,39,31,88,42,100,41,63,53,72,35,85,13,122,30,27,39,78,30,46,51,62,80,59,67,73,82,86,92,78,96,97,82,81,71,59,97,105,67,22,16,32,56,34,33,36,22,27,33,23,48,36,24,24,33,56,28,6,94,66,84,73,78,95,16,49,65,95,37,14,48,49,78,11,18,15,48,39,67,53,105,33,62,85,65,10,98,23,42,42,70,81,98,24,97,67,63,70,148,90,80,54,44,56,58,85,85,62,84,38,42,21,89,70,46,53,60,103,6,32,52,70,50,42,17,37,57,90,67,18,62,39,51,78,31,102,67,65,81,57,78,58
20150501,8,O3_8h_24h,210,198,174,211,83,110,201,231,217,178,190,204,134,127,141,142,116,143,69,141,154,196,140,138,125,171,162,197,163,133,153,151,52,199,200,151,112,180,192,158,181,184,167,176,82,173,155,153,193,114,175,196,116,147,82,58,125,81,56,185,147,112,71,53,116,163,85,96,135,138,69,74,84,67,97,125,128,160,137,133,139,137,214,195,201,187,204,170,107,184,168,188,120,102,187,109,131,69,56,86,139,54,153,163,60,52,195,193,124,112,134,124,114,120,130,135,168,101,140,95,51,85,117,153,99,180,201,173,154,135,190,159,100,118,66,84,109,40,128,123,111,129,97,139,59,70,142,127,134,135,98,152,104,124,96,92,100,192,165,98,104,109,123,125,105,140,97,107,102,98,166,161,86,154,169,165,110,185,186,179,130,77,105,146,,79,165,122,128,85,203,111,112,178,81,95,128,96,104,197,106,91,107,133,140,179,155,162,188,104,117,158,110,129,110,99,104,118,111,89,97,105,110,164,60,49,85,108,165,93,116,162,81,55,115,88,124,122,158,92,112,146,196,118,92,121,168,172,146,153,151,163,162,140,164,162,142,137,164,177,176,173,172,136,102,87,105,155,56,62,101,94,89,100,26,59,70,91,73,65,90,78,89,127,131,143,183,172,138,65,61,122,155,84,81,115,83,106,42,115,24,74,48,113,124,107,100,80,104,106,103,116,114,101,60,109,101,110,78,100,114,129,131,178,160,117,136,78,126,102,137,126,90,168,76,53,94,108,93,114,112,91,157,23,66,87,107,55,85,17,59,71,90,118,81,83,81,100,78,91,169,101,138,117,92,116,123
20150501,8,CO,1.592,1.012,1.064,6.241,1.181,0.892,1.304,0.61,1.147,2.458,0.977,1.083,1.458,1.669,0.659,1.443,0.506,0.795,0.433,0.602,1.052,0.737,0.469,1.865,1.526,1.595,0.781,1.474,1.824,1.038,0.925,0.507,1.727,1.06,0.785,1.091,0.628,0.987,0.646,0.967,0.507,0.854,0.748,0.604,1.273,0.663,0.559,1.076,1.14,0.79,1.59,1.176,0.901,0.804,0.812,0.587,0.577,0.741,0.433,0.717,0.663,0.664,1.047,0.371,0.582,0.517,0.592,1.068,0.612,1.272,0.916,1.132,0.773,1.122,1.495,1.149,0.868,0.405,0.497,0.538,0.845,1.57,0.853,1.761,1.812,2.578,2.173,0.819,1.162,1.178,1.656,1.094,0.458,0.433,1.529,1.053,0.905,0.782,0.643,0.96,0.617,0.651,0.812,0.837,1.286,1.327,1.43,1.13,1.103,1.806,1.82,0.855,1.403,1.486,2.166,0.687,0.766,0.613,0.55,0.489,0.919,1.215,1.285,1.389,1.536,2.114,1.006,0.921,0.803,1.181,1.273,1.083,0.8,1.291,1.051,0.793,0.723,0.498,0.522,0.438,1.668,0.379,0.284,0.663,0.506,1.209,0.973,0.847,0.619,1.463,0.972,0.428,2.103,0.534,0.587,0.993,0.463,0.739,2.6,1.358,0.4,0.446,0.569,0.436,0.748,0.718,0.427,0.281,1.041,0.5,0.766,0.8,0.957,1.035,1.231,1.429,1.277,0.624,0.844,0.483,0.531,1.085,1.241,0.794,,0.442,1.082,1.378,0.736,1.824,0.607,1.428,1.434,1.036,2.638,0.783,0.927,0.7,0.384,0.408,0.779,0.584,0.704,0.89,0.979,0.771,0.89,2.042,1.256,0.851,0.677,1.011,1.297,0.82,1.181,0.183,0.646,1.355,0.581,0.667,0.305,1.272,1.03,0.893,1.121,0.613,0.162,1.571,1.013,0.478,0.872,0.629,0.708,1.257,0.879,1.257,1.108,1.292,0.953,0.634,1.687,1.482,0.962,1.215,0.656,0.907,1.029,0.707,1.08,0.657,1.175,0.928,0.974,1.106,0.765,1.263,1.994,0.944,1.322,0.976,1.938,1.49,1.157,1.229,1.057,1.077,0.906,0.766,1.004,0.702,1.503,1.799,0.577,0.53,0.355,0.934,1.568,0.79,2.173,0.821,1.073,0.922,0.853,0.318,0.525,0.191,0.496,0.212,0.421,1.037,0.666,0.706,0.271,0.319,0.902,1.298,0.692,0.416,0.712,1.362,0.825,0.491,0.348,1.281,1.191,0.537,1.319,0.73,0.532,0.509,0.795,0.513,0.57,0.75,0.654,3.109,0.375,0.281,2.116,2.883,0.288,0.762,2.912,0.492,2.339,1.02,0.52,2.154,0.617,1.134,1.095,2.132,1.512,0.447,1.208,0.394,1.907,0.486,0.537,0.398,0.402,0.74,0.337,1.244,1.8,0.486,0.71,0.422,0.634,0.979,0.295,0.25,1.969,0.984,1.362,0.801,0.679,0.603,0.497,0.421,1.005,1.219,0.858,1.001,1.912,3.19,1.086
20150501,8,CO_24h,1.18,0.801,0.96,2.388,1.383,1.098,1.062,1.086,1.162,1.831,0.827,1.06,1.059,1.666,0.702,0.999,0.522,0.735,0.446,0.735,0.766,0.931,0.584,1.024,1.372,1.122,1.021,1.237,1.358,0.777,0.964,0.651,1.543,0.811,0.852,0.959,0.528,0.847,0.603,0.686,0.584,0.717,0.656,0.612,0.935,0.651,0.636,1.027,1.099,0.701,1.443,0.948,0.856,0.887,0.826,0.578,0.703,0.83,0.503,0.738,0.715,0.857,0.908,0.667,0.696,0.823,0.61,0.85,0.525,1.551,0.632,0.926,0.672,0.756,1.004,1.019,0.873,0.681,0.604,0.534,0.828,1.471,0.995,1.553,1.365,2.302,2.029,0.872,0.889,0.701,1.324,1.209,0.454,0.495,1.182,1.262,0.952,0.784,0.651,1.008,0.692,0.709,0.956,1.026,1.149,0.767,1.49,1.34,0.984,1.593,1.599,0.94,1.371,1.191,1.445,0.976,0.693,0.601,0.558,0.509,0.679,1.134,0.88,1.36,1.458,1.856,1.12,0.732,1.196,1.159,1.19,0.973,0.885,1.267,1.231,0.796,0.785,0.487,0.879,0.813,1.376,0.7,0.771,0.904,0.818,0.784,0.843,1.16,0.917,1.555,1.159,0.709,1.182,0.542,0.382,0.96,0.44,0.478,2.07,0.676,0.429,0.465,0.44,0.407,0.74,0.576,0.48,0.273,1.061,0.523,0.974,1.201,1.154,0.814,1.076,0.782,1.033,0.666,0.819,0.547,0.674,0.802,0.829,0.752,,0.315,0.706,1.172,0.79,1.858,0.722,1.331,1.615,1.071,2.806,0.391,0.519,0.337,0.365,0.549,0.456,0.471,0.616,1.276,0.976,1.254,0.982,1.265,0.936,0.604,0.334,0.79,0.851,0.526,0.818,0.25,0.411,0.613,0.284,0.528,0.365,0.824,0.765,0.64,0.911,0.695,0.147,0.903,0.705,0.278,0.69,0.555,0.639,1.069,0.85,1.427,1.143,1.13,0.985,0.62,1.076,1.006,0.751,1.26,0.704,0.974,1.088,0.708,0.885,0.657,1.204,0.862,0.774,0.967,0.609,0.791,1.478,0.91,1.283,1.051,1.516,1.366,1.03,1.109,0.967,0.824,0.819,0.804,1.344,0.517,1.378,1.571,0.525,0.724,0.333,0.984,1.138,0.758,2.017,0.849,1,0.679,0.738,0.458,0.717,0.451,1.122,0.527,0.661,0.775,0.909,0.937,0.605,0.263,0.753,1.069,0.512,0.384,0.607,1.591,0.58,0.627,0.311,0.987,0.686,0.526,1.248,0.54,0.544,0.127,0.667,0.481,0.5,0.602,0.554,3.248,0.318,0.212,1.94,2.899,0.247,0.922,3.046,0.74,2.686,0.773,0.504,1.029,0.564,0.782,0.723,2.215,0.675,0.567,0.491,0.496,1.091,0.388,0.359,0.269,0.341,0.573,0.352,0.799,1.623,0.447,0.722,0.497,0.467,1.022,0.448,0.572,1.187,0.81,1.464,0.654,0.462,0.334,0.502,0.32,0.793,1.418,0.903,1.188,2.213,3.584,1.132
20150501,9,AQI,241,147,170,222,89,96,195,113,147,244,170,116,120,110,95,81,57,86,103,49,131,89,58,127,163,144,94,88,108,106,89,49,81,136,65,124,71,87,75,106,42,109,91,83,100,87,83,87,141,51,127,95,71,32,42,25,20,20,21,40,49,27,56,23,34,36,44,49,61,52,63,92,77,121,67,82,132,54,56,61,72,124,111,171,147,164,133,147,57,90,119,115,39,42,117,29,74,19,20,75,58,18,35,98,36,52,99,105,73,89,137,143,66,71,95,55,86,61,63,87,104,94,89,127,99,77,189,156,83,89,76,105,61,42,48,28,52,24,39,29,80,38,33,40,26,85,40,34,55,56,26,36,82,49,74,60,66,138,85,63,45,32,47,38,56,64,59,38,34,40,89,63,82,113,58,132,109,70,99,94,59,206,207,83,,119,132,93,64,94,91,104,109,116,75,102,174,56,68,80,81,111,79,78,78,86,85,93,112,82,103,84,75,114,88,38,70,105,85,54,29,147,121,127,104,91,59,239,70,94,89,81,35,117,82,63,76,63,74,77,92,75,89,63,69,72,56,113,88,105,88,110,103,81,120,97,87,91,113,97,93,93,88,88,103,58,60,61,56,54,137,61,59,39,29,25,53,30,70,50,49,55,63,48,34,45,36,38,49,71,25,34,47,36,47,59,65,40,71,56,33,28,25,64,91,55,43,58,49,69,63,50,59,22,42,56,50,63,189,56,34,32,58,71,42,102,35,108,64,67,67,54,92,42,79,25,119,69,105,82,100,92,88,76,83,64,80,58,44,62,138,210,243,78,19,30,88,136,189,53,94,53,53,65,63,76,66
20150501,9,PM2.5,190,112,128,171,60,71,146,66,112,193,128,87,90,79,56,52,36,63,40,34,99,66,40,96,123,110,70,65,80,79,66,27,59,103,46,93,51,64,54,79,29,81,67,61,75,64,61,50,107,11,96,57,51,22,24,11,14,11,11,25,31,17,20,9,17,8,23,24,35,25,44,65,30,51,48,60,100,24,35,43,52,93,83,129,112,124,101,112,27,63,89,86,19,20,88,20,53,7,12,54,40,9,14,73,10,23,74,78,52,46,104,109,34,38,61,38,50,26,36,33,77,70,59,96,74,54,142,118,32,66,55,78,43,29,33,8,30,6,9,6,48,19,14,8,17,62,26,18,38,39,17,20,42,17,53,21,41,88,62,41,3,22,25,23,23,45,19,26,14,10,66,44,60,84,37,100,81,50,74,70,16,155,156,61,,89,100,69,45,70,67,77,68,87,42,34,131,35,26,58,27,83,32,44,39,41,62,67,76,35,75,46,19,49,65,4,45,78,57,37,9,112,91,96,77,67,41,188,50,70,66,53,24,88,60,44,55,44,53,56,68,50,61,44,49,52,39,84,65,78,65,82,76,47,90,68,64,67,84,72,69,69,65,65,76,40,42,33,39,37,104,42,41,24,12,11,36,17,45,24,34,30,44,6,11,31,5,26,7,51,12,2,12,18,16,41,42,17,37,39,11,17,4,36,67,16,20,25,17,49,24,35,35,15,24,26,35,44,130,39,7,13,34,12,11,41,16,79,23,32,48,36,68,18,54,16,89,49,78,58,67,49,38,55,61,34,58,14,15,16,71,132,94,39,10,12,34,103,92,19,70,36,36,46,27,27,47
20150501,9,PM2.5_24h,141,103,102,156,82,75,118,90,98,155,89,94,87,84,52,48,35,48,35,55,55,75,51,58,62,76,74,61,53,60,59,39,51,77,59,72,60,56,57,57,41,58,54,63,47,56,53,46,97,22,84,59,52,32,24,13,24,19,15,32,31,32,21,12,28,55,27,23,28,52,55,38,65,36,47,43,85,51,33,39,47,107,77,117,100,124,107,91,34,53,74,69,34,28,76,36,53,11,13,56,41,12,40,72,22,19,74,71,50,48,84,74,41,29,49,57,55,17,48,34,43,46,51,79,69,58,126,80,70,78,71,74,56,62,57,14,31,8,48,62,27,35,83,49,59,49,29,53,59,60,50,56,23,24,108,21,35,71,56,27,20,36,22,30,25,37,28,27,18,17,73,57,62,77,54,55,81,49,62,61,41,65,78,43,,58,65,60,47,56,53,57,70,95,36,111,79,21,92,73,28,85,106,58,51,63,56,55,72,27,41,39,27,34,34,12,30,42,20,28,11,52,52,51,58,51,34,91,44,44,47,43,29,52,56,40,48,37,61,57,52,60,51,64,63,67,76,78,58,79,74,73,62,49,85,61,64,67,75,64,62,62,64,59,80,27,48,42,50,46,87,60,67,29,15,17,18,25,39,42,25,28,23,19,47,73,71,67,27,52,46,26,48,18,29,29,52,26,41,42,13,29,6,34,35,12,34,18,16,37,22,38,31,16,13,22,17,33,59,42,5,34,58,50,50,64,42,59,24,76,34,50,48,50,41,27,76,27,62,37,60,45,42,154,74,61,38,28,14,20,115,213,195,23,17,11,16,19,124,17,51,54,51,50,41,33,51
20150501,9,PM10,214,151,196,243,126,137,191,173,199,273,201,135,185,168,138,110,61,111,154,36,135,76,53,139,156,176,97,120,120,117,89,43,96,152,71,135,71,76,69,103,41,105,94,80,147,105,109,122,187,24,152,137,76,27,41,24,18,19,20,39,48,26,60,22,27,16,43,48,69,51,69,131,102,189,69,58,176,55,59,58,75,164,138,200,160,189,198,204,61,128,142,113,28,35,172,28,60,18,19,58,48,17,34,73,35,52,116,144,94,125,208,164,79,90,138,57,120,70,74,122,105,86,126,169,108,101,221,175,113,81,73,132,68,39,47,19,52,23,20,13,107,34,32,13,25,102,33,23,39,44,25,35,112,48,94,68,80,223,91,74,6,26,46,37,39,58,65,30,20,34,77,59,79,124,64,129,114,61,100,98,32,165,220,99,,115,197,134,55,122,125,153,166,121,98,151,197,60,83,94,110,150,105,103,103,119,97,134,172,112,153,115,97,176,114,37,87,149,117,44,23,152,110,98,123,96,59,226,83,86,116,110,34,110,90,52,76,54,63,89,96,97,126,57,58,71,57,124,103,99,108,114,139,109,151,142,98,107,121,112,114,87,113,103,93,56,60,69,36,53,150,69,50,38,28,22,52,29,88,49,44,58,57,17,30,42,8,36,23,68,22,7,32,35,46,62,77,33,90,57,32,25,24,76,124,29,42,64,48,,74,43,65,,41,59,32,17,325,43,11,24,64,5,23,151,34,164,75,82,80,55,123,19,106,24,149,71,110,112,147,131,124,98,106,75,94,64,43,72,223,356,379,104,18,29,123,160,326,53,109,49,42,56,74,99,67
20150501,9,PM10_24h,172,128,164,205,130,141,171,199,171,217,172,157,174,169,190,95,63,119,90,94,92,99,70,100,97,123,111,115,103,87,91,67,91,114,92,113,86,79,77,83,58,89,73,86,95,87,86,112,178,47,156,142,84,53,50,30,44,30,29,49,55,53,48,27,55,94,48,51,50,151,132,103,290,134,84,72,199,143,55,58,72,152,150,195,144,165,187,166,57,112,122,123,56,48,139,58,69,26,23,73,59,25,87,68,37,34,120,178,103,81,186,137,91,66,112,82,127,51,118,63,61,66,97,146,111,109,211,136,155,127,120,125,91,97,86,32,50,17,73,105,55,58,121,89,103,76,38,119,136,163,135,164,84,48,481,68,115,149,88,66,30,57,42,52,46,64,85,41,30,36,103,76,89,111,80,87,110,68,90,96,61,115,120,72,,93,135,106,72,108,115,135,122,161,83,324,204,64,290,176,70,265,252,121,109,107,93,109,125,89,98,89,84,95,83,32,65,119,57,70,37,86,82,85,111,78,50,108,73,67,83,63,41,70,72,79,74,59,81,124,91,117,121,89,94,115,126,120,101,130,126,105,115,129,125,109,95,107,124,126,110,87,110,102,110,49,72,104,68,58,131,105,101,57,30,37,37,40,82,110,38,50,41,53,102,98,112,95,67,84,84,47,82,33,46,46,74,45,91,67,32,40,21,52,78,26,49,36,38,38,67,49,60,,32,33,28,57,180,39,16,60,146,92,100,189,79,114,68,227,54,150,127,104,95,52,139,43,105,73,124,131,89,401,255,232,86,91,58,87,348,824,684,78,33,30,73,68,526,33,115,88,64,64,94,116,90
20150501,9,SO2,26,21,95,186,21,22,45,29,51,41,56,34,40,21,10,43,15,9,13,8,23,13,12,29,15,52,24,43,43,28,17,5,23,50,17,33,32,45,19,13,5,40,26,8,21,6,12,19,37,12,26,20,28,10,6,4,11,7,8,7,7,24,10,2,4,6,12,37,9,10,10,17,12,11,28,27,17,3,14,16,13,62,9,79,63,74,78,40,7,32,106,64,9,4,62,11,9,9,3,5,7,2,20,10,9,23,42,10,44,19,97,23,13,34,56,53,14,12,62,18,12,21,73,65,18,30,36,122,29,8,27,24,15,7,18,3,11,3,8,7,52,6,23,8,4,17,16,7,4,5,6,8,27,17,56,5,4,81,67,16,4,8,6,10,7,11,6,5,13,8,13,18,18,45,17,25,54,26,22,35,12,18,37,22,,15,24,35,6,24,23,94,16,18,52,24,26,41,6,11,5,6,2,75,33,23,15,40,9,16,12,14,25,9,11,6,12,14,20,6,23,30,10,25,27,64,6,29,16,37,13,46,12,36,3,8,18,6,3,12,22,14,41,29,32,27,20,98,35,26,26,22,39,12,36,55,33,29,25,24,30,31,30,32,3,19,68,33,6,39,26,47,2,10,3,12,21,57,49,17,10,16,17,9,3,5,3,3,2,3,12,9,9,7,20,26,24,33,58,18,11,5,3,26,209,15,9,42,7,7,13,12,14,3,26,7,5,10,66,13,3,5,10,6,6,503,8,17,29,14,19,8,18,9,24,10,37,5,10,20,59,12,3,13,7,7,7,2,13,16,12,18,265,14,14,5,12,7,3,12,10,30,5,12,16,27,21
20150501,9,SO2_24h,17,21,53,85,27,27,36,55,37,35,37,29,36,34,18,28,10,11,10,14,18,22,17,28,20,41,25,36,34,25,20,12,14,32,21,19,24,26,20,8,6,31,28,7,16,6,10,25,32,15,21,24,20,11,10,5,12,9,9,11,7,24,9,3,12,13,9,24,8,18,6,10,13,13,27,18,23,13,14,11,8,66,25,56,33,82,65,49,14,26,67,40,12,10,62,22,8,6,4,6,8,3,24,13,7,15,28,29,25,33,50,22,19,23,31,61,19,12,28,8,24,20,54,41,20,22,45,42,46,13,28,34,14,9,25,5,12,3,14,22,33,12,21,13,9,9,12,13,15,10,12,19,9,15,49,9,4,46,60,19,7,15,9,13,11,22,21,9,14,10,32,25,19,28,26,21,35,19,21,28,17,12,21,22,,20,18,16,8,18,37,47,36,37,74,15,18,51,7,22,5,4,2,51,21,21,13,19,5,5,3,11,21,10,16,3,9,13,15,15,27,21,7,25,38,40,5,22,17,25,8,43,30,30,2,16,23,11,5,13,24,47,44,28,23,31,32,81,35,32,21,13,35,20,17,23,22,24,33,29,15,18,21,33,16,15,45,28,13,46,24,37,4,15,2,11,17,44,26,18,6,21,8,16,13,20,34,11,25,5,17,11,29,6,17,20,14,27,59,17,11,7,4,11,59,16,10,19,12,3,12,7,25,2,9,7,4,10,41,11,3,7,13,17,42,259,8,5,18,7,8,10,5,12,10,11,13,4,6,15,23,3,7,5,4,4,7,3,13,16,10,18,106,7,14,4,9,9,3,12,10,29,8,14,23,21,27
20150501,9,NO2,71,20,72,90,24,29,37,15,48,36,34,19,51,19,23,43,44,27,35,23,42,46,13,22,24,27,43,59,45,28,22,17,28,56,32,64,41,44,33,29,20,56,30,19,31,37,27,34,23,15,55,53,32,20,21,12,11,7,6,25,15,14,24,9,17,25,21,21,23,20,49,28,33,60,39,25,18,10,17,17,17,41,27,36,28,54,56,24,25,28,32,36,17,17,47,31,16,14,5,21,7,6,28,9,29,31,32,12,26,29,81,16,18,50,78,38,34,17,11,29,29,29,47,42,25,34,31,66,26,31,34,31,12,16,19,6,14,7,24,15,60,13,13,12,7,43,15,12,12,23,27,19,37,28,17,36,17,51,33,25,12,29,14,22,17,12,22,18,16,16,27,33,58,55,26,46,56,13,47,35,9,28,42,43,,25,46,38,25,26,19,33,15,35,5,18,18,17,15,23,21,8,8,21,32,28,13,61,51,25,22,41,28,11,12,18,29,25,40,14,14,33,24,24,52,27,12,50,42,35,21,10,25,18,25,36,9,32,26,24,24,16,29,22,6,23,20,38,47,24,35,30,30,26,31,37,40,58,34,31,48,49,22,22,7,25,16,21,7,38,25,41,19,23,4,9,26,13,18,10,11,24,21,13,5,9,15,10,6,27,17,14,9,8,39,30,30,10,14,23,8,7,4,23,42,12,23,27,10,22,24,27,34,4,24,14,20,20,34,8,6,16,16,4,14,12,23,41,19,50,38,16,32,13,91,12,41,20,12,22,38,25,12,14,16,20,28,5,37,9,6,14,17,38,19,14,65,49,5,29,31,33,12,10,16,13,17
20150501,9,NO2_24h,48,27,40,59,36,27,39,21,33,30,39,22,53,25,21,41,37,37,42,30,48,51,14,25,31,30,43,48,41,21,21,16,27,38,39,45,44,36,32,26,17,50,33,18,27,23,29,33,34,19,45,45,30,36,30,14,24,9,10,32,17,26,28,11,26,37,26,24,16,22,31,28,18,47,32,19,26,13,24,10,12,36,37,33,23,52,57,22,35,23,30,32,45,35,33,26,11,12,6,20,8,6,39,10,20,19,25,16,20,26,58,13,31,40,53,33,37,16,12,23,26,27,32,36,22,30,36,35,25,33,32,28,14,51,30,12,20,9,26,26,35,17,18,16,13,25,14,20,19,27,23,23,13,20,11,17,15,39,35,19,8,49,13,25,44,16,23,20,19,6,34,36,48,35,31,35,43,15,48,40,11,21,32,47,,35,35,29,28,22,18,19,12,32,7,13,14,25,14,23,14,7,6,17,31,37,32,45,26,16,19,30,19,13,23,12,22,19,19,18,17,26,18,23,53,20,9,53,44,27,16,18,25,17,17,31,12,26,20,23,14,24,22,23,14,18,21,28,40,26,42,27,21,21,20,21,25,46,30,32,25,27,12,17,13,27,14,17,25,31,24,31,12,22,3,14,15,12,13,12,11,23,18,19,19,15,38,18,16,31,21,21,13,6,32,21,41,10,9,25,9,23,6,7,28,8,15,12,10,13,27,17,27,2,13,14,10,13,30,4,3,13,15,9,13,11,16,15,14,34,24,15,14,13,56,16,33,14,13,16,18,17,22,10,9,14,16,6,30,8,14,12,20,16,15,8,16,11,13,15,21,28,19,12,33,12,24
20150501,9,O3,47,90,26,38,51,53,86,85,106,72,84,103,38,49,52,112,62,123,70,107,93,74,102,62,68,49,62,61,60,59,60,97,25,96,100,58,60,63,87,104,101,90,117,108,49,90,56,40,112,106,68,70,26,21,39,34,25,29,21,27,53,36,29,12,49,58,61,75,69,44,23,31,38,14,29,30,70,98,128,85,74,69,59,85,109,55,101,59,97,79,79,85,97,95,68,27,108,26,34,35,81,32,11,114,5,29,122,76,74,16,28,100,112,82,53,78,116,65,92,80,49,73,34,72,58,120,91,61,49,20,50,47,23,68,29,49,62,39,58,57,30,60,60,67,29,14,85,65,42,47,29,56,64,78,42,50,86,58,84,59,96,74,78,74,114,71,78,63,77,60,74,74,29,50,96,63,39,101,79,114,110,32,72,101,,37,44,67,70,41,76,45,34,67,37,76,150,98,65,73,72,41,85,104,92,132,110,42,68,107,102,86,81,98,84,33,68,106,42,49,77,74,80,106,39,23,57,46,126,57,78,38,71,53,61,8,84,7,99,49,18,37,76,49,50,29,56,98,67,78,89,80,77,80,112,77,72,104,69,74,58,70,79,64,35,30,30,46,73,37,42,25,22,23,16,45,20,21,25,27,45,35,18,92,70,73,68,72,83,26,51,66,84,35,10,41,57,80,13,68,17,76,42,34,66,97,35,59,93,70,14,87,12,34,31,68,63,89,24,84,60,54,57,73,72,71,40,40,51,34,84,70,35,78,26,52,32,69,76,57,56,53,117,9,36,44,61,45,45,16,44,46,81,14,29,50,18,1,73,33,73,51,67,86,105,82,83
20150501,9,O3_24h,227,252,200,241,98,159,226,249,230,188,214,221,152,140,155,154,146,157,76,165,175,248,150,171,141,208,195,235,187,163,171,173,60,235,238,166,126,200,216,175,232,198,178,181,96,204,162,306,215,127,196,233,138,187,105,75,162,106,75,249,183,139,87,70,138,190,94,102,143,163,82,84,104,74,115,144,156,175,152,139,157,209,251,213,214,216,263,189,146,198,182,217,128,118,240,130,139,97,66,112,161,67,178,189,70,55,211,206,133,136,154,136,124,138,148,154,187,104,158,99,56,97,135,191,106,190,251,187,164,152,226,205,120,134,84,93,132,44,142,158,121,147,115,151,68,79,157,143,146,164,111,164,111,129,104,97,105,203,189,103,115,135,133,137,114,152,110,121,111,103,212,188,99,177,197,192,125,226,208,207,137,95,141,161,,87,181,129,137,96,219,119,124,237,85,99,150,119,122,222,112,119,96,153,163,192,174,199,205,110,126,170,121,136,116,101,112,164,111,97,99,127,120,190,72,50,96,133,174,111,109,249,96,65,124,113,135,157,171,119,130,209,219,145,101,177,184,192,160,172,171,173,171,146,181,173,155,161,181,199,200,190,183,147,132,120,124,178,79,70,122,127,101,137,28,70,92,101,93,75,96,90,100,143,150,154,242,223,149,78,67,123,190,88,93,127,92,117,53,136,30,83,53,118,128,110,112,83,120,114,129,164,131,113,68,125,104,114,83,104,123,137,143,178,174,116,143,89,133,93,140,124,98,174,82,63,115,116,97,120,116,95,176,26,69,72,115,59,92,18,63,80,100,131,88,87,88,110,87,106,178,114,155,147,113,115,144
20150501,9,O3_8h,51,39,36,24,31,35,78,157,99,36,64,83,28,67,59,64,47,69,49,97,66,52,94,54,51,23,25,27,34,43,57,96,26,64,102,52,47,49,59,58,68,76,88,119,45,125,57,86,76,100,76,92,25,11,38,35,17,28,15,13,62,31,12,14,67,70,55,60,83,53,18,23,35,8,25,28,65,103,82,70,81,55,44,71,86,29,61,51,94,67,51,62,76,83,47,47,117,29,30,28,95,33,8,104,3,23,108,86,69,35,22,106,87,33,24,79,56,71,54,70,42,59,33,45,50,92,79,93,65,22,69,36,24,65,12,54,56,30,76,57,41,74,58,79,30,26,79,66,51,51,40,63,69,76,40,65,96,58,63,45,89,59,62,61,106,55,61,74,67,79,49,36,15,32,51,43,27,84,60,88,109,19,44,81,,26,31,59,59,29,90,57,46,106,36,47,130,92,67,75,77,60,73,84,68,103,35,21,45,69,80,50,62,60,45,31,49,58,58,58,57,62,69,92,35,27,41,33,94,42,78,39,63,53,69,28,89,10,119,39,26,37,76,32,47,48,62,84,59,67,74,81,82,90,81,92,90,82,77,72,59,92,100,65,23,17,32,54,41,33,36,21,29,29,22,48,31,23,22,32,53,28,7,95,67,80,70,75,97,17,49,66,93,35,14,45,50,79,11,23,15,55,40,61,55,104,32,61,87,64,10,95,22,38,39,68,78,98,23,95,66,62,69,123,83,78,52,39,57,52,87,83,54,82,33,42,22,85,71,46,51,57,105,7,33,50,67,50,41,17,39,54,90,50,19,59,36,43,78,30,97,63,62,82,64,76,61
20150501,9,O3_8h_24h,210,198,173,211,83,110,201,231,217,178,190,204,134,127,141,142,116,139,70,141,154,196,140,138,125,171,162,197,163,133,153,151,52,200,200,151,112,180,192,158,181,184,167,176,82,171,134,153,193,114,175,196,116,147,82,58,125,81,56,185,147,112,71,53,116,163,85,96,135,138,69,74,84,67,97,125,128,160,137,133,139,137,214,195,201,187,204,170,107,184,168,188,120,102,187,109,131,69,56,86,139,54,153,163,60,52,195,193,124,112,134,124,114,120,130,135,168,101,140,95,51,85,117,153,99,180,201,173,154,135,190,159,100,118,66,84,109,40,128,123,111,129,97,138,59,70,142,127,134,135,97,152,104,124,96,92,100,192,165,98,104,109,123,125,106,140,97,107,102,98,166,161,86,154,169,165,110,185,186,179,130,77,105,146,,79,165,122,121,85,203,111,112,220,81,95,130,96,103,197,106,91,102,141,140,179,155,162,188,104,117,158,110,129,108,97,104,118,111,89,97,106,110,164,60,48,85,108,165,92,91,162,81,57,115,88,124,122,158,104,112,146,196,118,92,121,168,172,146,153,151,163,162,140,164,162,142,137,164,177,176,173,172,136,102,87,105,155,56,62,101,94,89,100,26,59,70,91,73,65,90,78,89,127,131,143,183,172,136,65,61,121,155,84,81,115,83,106,42,115,24,74,48,113,124,107,100,80,104,106,103,116,114,101,60,109,101,110,78,100,114,129,131,164,160,116,134,78,126,96,137,123,90,167,76,53,94,108,93,114,112,91,157,23,66,85,107,55,85,17,59,71,90,118,81,83,81,100,78,91,169,101,138,117,93,105,123
20150501,9,CO,1.633,0.854,1.215,6.338,0.903,0.783,1.085,0.718,1.238,2.216,0.791,0.986,1.533,1.443,0.711,1.274,0.523,0.76,0.46,0.603,1.097,0.754,0.468,1.806,1.508,1.609,0.823,1.589,1.74,1.281,0.94,0.501,1.737,0.994,0.734,1.16,0.557,0.928,0.643,0.856,0.486,0.852,0.683,0.613,1.214,0.703,0.566,1.16,0.983,0.768,1.546,1.179,0.972,0.794,0.799,0.61,0.584,0.752,0.417,0.671,0.68,0.669,0.945,0.365,0.577,0.542,0.566,0.921,0.822,1.323,1.217,1.049,0.993,1.221,1.559,1.19,0.626,0.418,0.505,0.568,0.838,1.383,0.884,1.714,1.604,2.431,1.921,0.851,1.214,1.367,1.528,1.052,0.503,0.432,1.42,1.133,0.954,0.805,0.633,1.03,0.641,0.673,0.853,0.879,1.344,1.024,1.481,1.155,1.145,1.708,1.778,0.763,1.094,1.384,1.947,0.694,0.661,0.602,0.458,0.569,1.026,1.057,1.329,1.872,1.285,1.86,0.976,1.083,0.815,1.191,1.281,1.025,0.936,1.32,0.954,0.754,0.718,0.442,0.561,0.453,1.895,0.384,0.303,0.675,0.534,1.105,0.85,0.885,0.742,1.498,1.018,0.437,1.89,0.465,0.694,1.062,0.519,0.751,2.25,1.025,0.401,0.448,0.478,0.44,0.723,0.63,0.421,0.275,1.027,0.502,0.8,0.829,0.985,0.92,0.907,1.506,1.507,0.621,0.741,0.532,0.535,1.186,1.147,0.801,,0.374,1.043,1.459,0.626,1.681,0.618,1.657,1.438,0.621,2.659,0.421,0.988,0.413,0.358,0.417,0.573,0.508,0.615,0.949,0.995,0.639,0.71,1.979,1.299,0.859,0.937,0.872,0.985,0.466,0.443,0.325,0.584,0.81,0.551,0.578,0.313,1.257,1.083,0.961,1.09,0.579,0.167,1.542,0.945,0.493,0.95,0.711,0.722,1.206,0.918,1.336,1.126,1.47,0.993,0.655,1.291,1.365,0.891,1.266,0.694,0.447,1.014,0.611,0.932,0.622,1.205,0.952,0.945,1.057,0.793,2.085,1.684,0.936,1.123,0.854,2.653,1.589,1.203,1.347,1.04,0.987,0.884,0.865,0.963,0.603,1.467,2.005,0.646,0.658,0.343,0.924,1.892,0.828,2.225,0.854,1.134,0.813,0.844,0.345,0.548,0.179,0.546,0.266,0.443,0.821,0.552,0.74,0.307,0.352,0.775,1.275,0.631,0.419,0.753,1.194,0.587,0.446,0.293,1.424,1.329,0.529,1.413,0.748,0.508,0.351,0.686,0.624,0.584,0.754,0.757,3.144,0.412,0.299,2.344,2.952,0.32,0.79,2.937,1.398,2.35,0.958,0.526,1.86,0.713,1.057,1.065,2.388,1.171,0.498,1.079,0.352,1.324,0.489,0.704,0.462,0.837,0.641,0.304,1.109,1.811,0.462,0.871,0.438,0.612,0.945,0.356,0.317,2.384,1.751,1.404,0.807,3.882,0.785,0.408,0.518,0.964,1.231,0.807,1.144,1.699,2.947,1.131
20150501,9,CO_24h,1.182,0.802,0.955,2.449,1.302,1.061,1.054,1.07,1.156,1.829,0.808,1.047,1.051,1.644,0.688,0.976,0.517,0.748,0.443,0.697,0.781,0.914,0.574,1.048,1.333,1.15,0.999,1.247,1.382,0.785,0.965,0.645,1.551,0.82,0.848,0.964,0.524,0.851,0.598,0.688,0.574,0.717,0.656,0.606,0.938,0.665,0.637,1.035,1.089,0.706,1.429,0.952,0.85,0.872,0.82,0.578,0.689,0.823,0.493,0.721,0.707,0.83,0.91,0.657,0.679,0.779,0.597,0.829,0.52,1.534,0.656,0.926,0.678,0.774,1.026,1.015,0.844,0.648,0.596,0.532,0.823,1.429,0.95,1.551,1.352,2.261,1.989,0.849,0.902,0.718,1.339,1.181,0.454,0.488,1.15,1.264,0.94,0.779,0.637,1.006,0.681,0.685,0.939,1.009,1.144,0.749,1.48,1.303,0.961,1.592,1.586,0.933,1.367,1.19,1.43,0.958,0.697,0.606,0.522,0.508,0.692,1.142,0.9,1.346,1.416,1.847,1.091,0.731,1.174,1.159,1.193,0.966,0.866,1.268,1.22,0.794,0.767,0.482,0.848,0.787,1.372,0.68,0.736,0.879,0.779,0.799,0.833,1.137,0.894,1.526,1.132,0.692,1.219,0.544,0.382,0.959,0.431,0.479,2.089,0.7,0.428,0.465,0.441,0.403,0.725,0.574,0.475,0.273,1.057,0.516,0.965,1.109,1.127,0.832,1.057,0.822,1.058,0.641,0.817,0.542,0.658,0.823,0.834,0.749,,0.32,0.707,1.172,0.699,1.78,0.685,1.33,1.606,0.887,2.771,0.392,0.548,0.343,0.359,0.524,0.465,0.468,0.618,1.276,0.947,1.196,0.976,1.248,0.935,0.606,0.351,0.787,0.86,0.534,0.813,0.247,0.416,0.623,0.301,0.541,0.37,0.827,0.778,0.648,0.919,0.691,0.147,0.92,0.717,0.28,0.742,0.564,0.642,1.067,0.851,1.376,1.139,1.141,0.985,0.626,1.083,1.012,0.75,1.241,0.701,0.959,1.083,0.704,0.867,0.633,1.197,0.839,0.775,0.956,0.617,0.821,1.489,0.907,1.288,1.035,1.561,1.376,1.044,1.106,0.968,0.82,0.809,0.777,1.311,0.51,1.378,1.575,0.522,0.656,0.33,0.98,1.153,0.753,2.019,0.847,1.006,0.68,0.74,0.446,0.692,0.416,1.058,0.49,0.655,0.76,0.898,0.918,0.577,0.266,0.735,1.071,0.514,0.386,0.615,1.437,0.58,0.619,0.305,0.993,0.678,0.515,1.246,0.543,0.539,0.127,0.667,0.486,0.494,0.603,0.557,3.23,0.321,0.214,1.949,2.897,0.249,0.913,3.023,1.755,2.669,0.786,0.492,1.069,0.569,0.767,0.746,2.214,0.69,0.555,0.499,0.475,1.113,0.395,0.368,0.279,0.352,0.563,0.35,0.816,1.634,0.423,0.704,0.493,0.473,1.023,0.431,0.546,1.238,0.822,1.459,0.661,0.607,0.351,0.501,0.323,0.791,1.402,0.893,1.171,2.209,3.3,1.123
20150501,10,AQI,246,132,174,232,77,88,156,137,147,211,121,94,124,76,108,75,54,88,112,54,120,86,56,113,146,126,94,87,99,100,83,57,81,124,55,116,69,88,66,75,43,109,94,81,106,92,91,81,128,52,125,82,77,30,35,25,23,19,19,32,43,28,50,29,34,36,43,50,62,49,69,104,80,91,63,66,141,56,56,58,71,114,119,164,130,142,124,154,55,99,116,100,42,43,125,31,69,27,26,60,58,17,31,109,38,48,97,115,72,87,146,132,65,64,75,63,81,66,55,106,100,85,75,131,83,72,185,177,71,89,78,104,63,45,42,28,51,26,38,30,74,36,34,39,29,91,41,33,49,58,26,39,64,46,111,63,62,130,76,64,46,35,39,36,57,60,58,39,35,39,96,60,81,99,53,126,104,66,89,92,59,179,206,86,,91,132,91,65,85,86,103,91,111,64,82,157,60,64,76,77,91,74,95,78,97,70,100,123,108,136,75,63,57,38,44,62,99,94,73,32,161,121,116,99,87,68,214,70,99,93,80,37,99,76,63,71,61,74,76,94,81,87,60,67,61,56,111,87,80,89,94,98,77,136,103,88,91,109,73,97,92,88,93,104,50,62,60,48,53,116,69,59,56,37,31,62,30,80,53,44,40,55,48,34,45,35,39,49,48,26,33,47,42,39,54,64,41,74,52,37,31,26,84,117,54,55,32,52,63,64,54,66,26,57,59,53,88,141,98,34,31,61,57,40,118,37,100,79,68,76,58,85,41,82,33,109,76,89,75,141,91,65,80,77,62,75,60,58,62,132,247,304,90,40,29,118,112,194,57,89,55,42,63,59,76,55
20150501,10,PM2.5,195,100,131,181,56,65,118,104,112,160,91,70,93,36,58,45,31,36,41,37,90,63,39,84,111,95,70,64,74,75,61,33,59,93,37,87,49,65,47,54,30,81,70,59,79,68,67,54,97,10,94,60,56,17,22,10,14,11,11,22,26,12,19,9,15,11,22,19,38,24,44,77,29,66,43,47,107,23,35,36,51,85,89,124,98,108,93,117,20,69,87,75,15,20,94,21,49,9,12,42,40,9,15,81,10,22,72,86,51,47,111,100,32,24,29,39,46,25,26,43,75,62,52,99,61,49,139,133,33,66,57,77,37,31,29,6,30,7,8,7,36,18,16,16,20,67,25,13,33,40,18,21,35,12,83,25,27,91,55,36,3,24,22,15,23,42,14,27,12,9,71,42,59,74,29,95,77,47,66,68,18,135,155,63,,67,100,67,46,62,57,76,53,83,32,32,119,42,28,55,29,60,35,48,38,48,50,75,76,43,103,32,16,25,14,12,43,50,70,21,8,122,91,87,74,64,47,163,50,74,69,58,24,74,55,44,51,43,53,55,70,50,56,42,48,42,39,83,64,58,66,70,73,46,103,65,65,67,81,52,72,68,65,69,77,32,43,32,33,36,87,47,41,25,12,13,42,17,48,26,27,21,38,8,14,29,6,25,7,33,15,3,13,14,5,37,44,15,47,34,11,16,4,54,88,14,25,16,16,44,26,37,38,18,30,27,36,65,95,73,7,15,38,12,8,29,19,44,25,34,45,35,56,20,57,17,81,55,66,54,67,47,36,56,56,33,35,17,15,19,69,135,132,45,14,10,57,79,99,18,66,38,29,44,24,16,38
20150501,10,PM2.5_24h,143,101,101,155,82,72,117,91,97,153,87,92,85,81,51,47,35,47,35,53,58,74,51,56,64,79,73,62,56,61,60,39,52,78,59,73,61,57,57,57,41,58,54,63,48,56,54,47,96,21,82,59,50,30,24,13,23,18,15,31,31,29,20,12,27,49,26,23,29,51,54,41,63,37,45,42,88,50,34,39,47,103,76,116,97,117,104,92,32,52,75,66,33,28,75,35,53,11,14,56,41,12,39,79,21,19,73,72,49,48,85,75,41,29,47,56,55,16,43,34,45,47,51,78,67,56,125,80,66,78,70,74,54,60,56,13,31,8,45,63,25,34,79,46,55,50,28,52,58,58,48,55,20,22,111,21,34,70,55,27,19,35,22,28,24,36,27,27,18,16,73,55,61,77,53,58,82,50,63,62,40,69,82,44,,59,66,60,46,55,52,57,70,94,35,110,82,21,92,72,26,84,95,54,50,62,56,55,71,27,43,39,27,34,34,13,30,43,22,28,11,54,55,52,59,51,34,95,44,47,47,44,28,52,56,39,49,37,61,57,52,60,50,61,62,65,75,79,58,76,73,70,61,48,86,59,64,67,75,64,63,63,64,59,80,26,45,40,49,45,86,58,66,28,15,17,19,24,39,41,25,28,23,18,43,71,67,63,25,50,45,27,44,18,28,29,51,26,42,39,13,27,6,35,35,11,32,18,16,37,23,38,31,16,14,21,18,36,59,43,5,33,57,48,48,57,40,55,24,71,35,49,47,48,42,26,76,28,62,38,60,45,42,147,70,57,37,28,14,20,114,203,191,24,17,11,18,21,121,18,52,53,51,49,42,26,50
20150501,10,PM10,223,111,209,252,86,121,170,210,189,235,167,131,156,100,164,98,55,124,172,46,134,79,57,141,150,149,102,121,113,120,97,62,105,132,58,129,68,77,64,73,41,114,94,74,137,105,116,110,161,29,158,92,76,29,34,24,22,18,18,31,42,27,49,28,25,20,42,49,72,48,86,145,108,130,74,73,128,59,59,63,78,129,144,182,134,168,159,202,58,146,125,112,27,42,178,30,65,26,25,40,54,15,30,79,37,47,124,167,91,121,216,159,78,75,98,73,110,79,58,159,116,79,98,180,88,92,197,206,89,82,80,124,73,43,37,22,50,25,27,11,95,30,33,34,27,127,38,25,48,40,25,38,75,45,145,74,71,207,82,76,6,30,38,35,38,55,63,38,21,28,87,63,74,118,54,111,125,66,88,105,25,202,220,100,,,207,125,75,105,119,153,130,103,76,112,229,57,75,73,101,130,96,137,103,142,81,145,193,164,197,97,74,61,37,43,72,145,132,94,29,168,122,106,114,97,83,229,83,85,130,68,36,92,92,51,86,49,66,96,94,109,122,53,59,70,60,125,101,101,110,98,132,102,159,153,104,105,114,93,115,88,115,114,91,49,72,68,32,53,124,86,52,59,36,30,71,29,107,53,43,39,55,24,31,44,10,38,26,40,22,9,39,41,38,54,76,36,95,52,36,24,25,115,137,26,57,29,51,46,75,41,80,,61,66,42,19,229,79,13,27,70,8,21,132,36,148,105,84,99,63,118,21,112,32,156,88,103,94,229,129,78,107,89,71,98,67,63,72,211,382,422,127,39,22,183,172,335,61,96,57,38,57,66,100,56
20150501,10,PM10_24h,174,127,163,205,129,137,169,201,171,216,170,154,169,165,189,94,62,120,90,89,95,99,70,99,98,127,110,117,105,88,92,66,93,116,91,113,86,80,76,83,58,89,73,86,98,87,85,113,176,44,153,140,81,50,49,29,43,29,28,48,54,49,48,27,52,85,48,51,52,147,127,104,289,134,80,69,198,139,55,57,72,148,146,192,141,157,182,167,55,112,124,118,54,47,138,57,69,26,22,72,58,24,86,71,36,34,119,175,101,83,187,137,92,66,111,82,128,49,111,66,62,67,97,146,106,107,208,135,151,125,119,124,88,93,84,31,51,17,67,99,54,57,113,82,95,78,38,117,136,160,130,160,70,48,477,69,113,149,88,64,28,55,41,50,44,62,83,41,30,35,103,74,86,112,77,89,111,68,91,96,59,120,126,72,,95,138,107,71,107,112,135,124,159,81,318,202,65,288,173,69,260,245,121,107,108,93,108,126,87,100,89,81,94,80,33,62,120,58,67,37,87,83,84,111,79,50,109,73,68,85,64,39,70,73,76,76,59,81,124,89,116,120,84,91,112,124,120,100,124,125,102,115,126,126,107,96,107,124,124,111,87,111,102,109,48,68,99,66,56,130,102,99,55,29,37,38,39,82,109,38,49,40,49,94,94,104,89,64,80,86,43,78,33,45,45,74,45,92,60,32,39,21,54,79,26,47,36,39,40,68,48,61,,33,32,28,58,182,43,16,58,144,91,96,158,75,104,70,219,55,149,125,99,96,49,139,45,106,75,130,133,89,350,230,226,83,91,58,87,343,772,667,78,33,30,77,71,511,35,115,88,63,62,94,108,88
20150501,10,SO2,27,17,99,136,22,24,42,27,56,35,49,33,40,15,10,28,15,9,12,9,23,12,13,31,20,79,23,34,36,34,18,6,26,48,16,33,26,45,18,10,5,29,22,7,26,5,13,26,28,11,27,15,22,9,6,4,9,7,6,8,6,18,10,3,5,8,11,20,10,11,12,27,22,19,28,18,13,4,15,16,12,37,12,89,44,80,52,33,7,32,95,42,10,6,71,15,8,7,3,5,8,3,19,11,10,14,36,9,36,18,94,21,14,26,28,45,13,12,69,17,130,20,57,50,22,28,59,148,33,8,28,20,19,7,11,3,10,3,9,8,88,6,17,9,4,17,19,6,5,6,6,8,8,74,94,5,4,62,60,20,4,10,7,10,6,11,6,5,13,8,14,20,15,36,18,24,50,22,19,34,12,22,36,19,,17,20,42,11,16,40,53,16,12,51,19,24,45,7,11,5,5,2,69,32,21,14,31,6,8,13,12,18,10,7,10,10,13,10,6,22,27,9,30,59,57,6,24,14,24,13,47,13,28,3,10,18,6,3,13,30,16,38,18,23,15,18,76,46,32,27,22,39,13,29,67,32,28,32,28,34,39,25,24,2,17,57,23,4,21,18,42,1,10,3,8,19,69,34,13,8,9,18,9,3,5,3,9,5,4,11,8,12,9,21,44,26,33,63,16,11,5,3,15,91,15,10,13,7,3,14,11,16,5,22,9,6,10,44,22,3,5,10,6,6,550,8,11,28,18,36,10,20,11,22,10,30,4,12,20,73,3,3,9,7,9,5,3,13,16,11,18,279,17,15,4,8,14,1,12,7,21,5,12,11,34,18
20150501,10,SO2_24h,18,21,54,88,26,23,35,53,38,34,36,29,34,31,17,27,10,11,10,13,18,20,16,27,19,43,24,35,34,25,20,11,15,33,20,19,24,28,18,8,6,31,28,7,16,6,10,25,32,14,21,23,20,11,9,4,12,8,9,10,7,22,9,3,11,12,9,23,7,17,6,11,12,13,24,17,22,10,13,11,8,64,23,53,33,77,63,44,13,25,69,38,12,9,61,22,8,6,4,6,9,3,23,11,7,15,28,25,25,32,47,22,19,23,30,61,18,12,30,9,28,20,54,40,19,22,43,46,44,13,26,32,14,8,25,5,12,3,13,21,33,11,20,12,8,9,12,12,14,10,11,19,9,17,50,9,4,44,60,19,6,14,8,12,11,21,21,9,14,10,31,23,17,28,25,22,35,19,20,28,16,12,21,22,,20,18,17,8,17,35,46,36,33,73,15,19,53,6,20,5,4,2,46,21,19,13,18,5,5,3,11,21,10,16,3,9,13,15,13,26,22,7,25,37,40,5,21,17,19,8,44,30,30,2,15,23,10,5,13,24,43,42,25,23,29,31,80,34,31,21,13,36,19,18,24,23,24,34,29,16,19,21,30,14,15,44,27,12,44,23,37,4,15,2,11,17,43,26,18,7,20,8,15,12,19,31,10,23,5,13,11,29,6,16,20,15,27,56,18,11,7,3,11,60,16,10,19,11,3,12,7,23,2,9,7,5,10,40,11,3,7,12,15,41,281,8,5,18,7,9,9,5,12,10,11,14,4,6,15,24,3,7,5,4,4,6,3,13,16,9,17,115,8,14,4,8,9,3,11,10,29,8,14,23,21,24
20150501,10,NO2,68,14,67,91,23,24,30,15,32,25,27,13,46,14,20,35,37,20,32,23,44,42,12,23,21,28,39,47,41,28,20,15,31,49,26,62,32,36,30,15,19,40,24,15,29,44,36,31,13,12,55,48,27,20,19,11,11,7,5,16,14,12,18,7,16,25,19,14,18,22,61,28,42,60,34,16,15,10,18,14,19,25,26,35,23,50,36,21,24,26,28,26,20,21,41,32,14,15,5,14,8,6,27,12,26,18,27,8,22,31,71,14,21,27,27,35,25,17,9,26,24,24,36,42,19,30,32,69,30,35,35,22,14,11,13,5,11,9,28,19,40,16,13,12,8,36,13,20,12,22,27,25,9,35,24,31,18,36,26,31,13,34,13,21,20,10,19,13,15,10,25,32,51,42,27,36,52,12,36,30,10,23,42,35,,22,47,35,26,21,25,18,14,24,5,16,18,19,15,22,13,6,5,22,30,28,10,34,32,17,17,28,20,9,11,16,21,17,24,12,16,31,27,19,63,22,7,35,43,18,18,10,21,18,26,34,12,35,30,22,19,16,30,14,5,24,20,42,36,18,46,31,28,26,24,44,39,53,38,30,51,34,23,25,9,21,19,17,6,32,21,32,17,20,2,7,26,12,18,10,9,17,16,17,6,9,19,15,6,21,21,14,12,6,36,23,31,10,1,13,7,8,4,11,26,9,21,11,9,12,29,20,36,4,26,15,10,14,16,20,4,18,15,5,14,10,24,26,20,46,20,14,29,15,92,13,38,17,12,7,37,18,12,12,13,13,10,4,42,9,12,6,29,30,16,13,46,61,13,29,21,26,9,11,11,12,16
20150501,10,NO2_24h,48,26,40,60,35,27,37,20,32,30,39,21,51,23,19,40,37,36,42,29,48,50,14,24,29,30,43,48,41,22,20,16,27,39,38,45,44,36,31,25,17,50,33,18,27,24,30,34,34,19,45,46,30,35,29,13,22,9,10,30,16,25,26,11,24,34,25,23,15,21,33,28,19,48,32,19,24,13,24,10,12,36,35,33,23,50,56,22,33,22,30,32,44,35,34,26,11,12,6,20,8,6,39,10,20,19,25,14,19,26,57,13,30,39,51,33,37,16,12,23,26,27,32,36,22,30,35,36,25,32,31,27,14,51,29,12,20,9,24,23,35,15,17,15,12,25,14,19,18,24,23,23,13,21,12,18,15,39,35,20,8,48,13,25,43,16,23,20,18,6,33,36,47,36,30,36,43,14,48,40,11,21,33,47,,35,35,29,28,22,17,19,12,31,6,14,15,26,14,21,14,7,6,20,31,36,32,45,26,16,19,30,19,13,23,12,22,19,20,18,17,26,18,23,54,20,9,52,43,24,16,18,25,18,18,31,12,26,20,23,14,23,22,21,14,18,21,29,40,25,42,26,22,21,21,21,26,46,31,31,27,27,13,17,12,27,14,16,24,30,22,31,11,21,3,13,15,12,13,12,11,23,18,17,18,14,35,17,16,30,19,16,12,6,33,21,40,10,9,24,9,22,5,7,28,8,15,12,10,12,27,17,27,3,13,13,10,12,30,4,3,13,15,9,12,11,16,16,14,34,24,15,14,13,57,15,33,14,13,16,19,17,22,10,9,13,15,6,31,8,13,12,19,16,15,8,18,13,12,16,20,28,18,11,33,12,23
20150501,10,O3,73,119,43,64,55,59,109,83,143,108,113,138,65,52,51,130,75,135,73,113,113,95,109,74,87,81,90,106,92,75,81,108,31,126,116,96,77,105,122,137,112,120,129,123,63,83,50,55,138,110,80,76,40,29,40,35,32,33,27,44,53,41,48,17,50,64,72,89,82,40,60,43,46,26,38,44,80,104,139,106,77,88,80,105,141,80,141,72,109,96,109,120,99,101,100,23,112,31,35,41,89,37,15,110,8,43,152,79,84,14,45,98,112,115,106,85,152,70,108,96,59,87,55,72,75,146,108,45,43,20,51,64,24,70,43,53,75,40,58,55,65,57,69,68,32,29,103,62,41,49,29,52,109,94,51,63,83,104,116,64,103,74,86,81,121,84,81,84,69,69,88,96,46,81,104,108,53,130,123,145,105,59,84,123,,46,42,83,62,55,68,44,30,76,40,90,178,103,74,67,90,49,96,110,109,139,123,112,119,126,115,112,88,106,91,54,84,111,63,67,82,107,103,155,42,24,75,61,143,60,73,37,66,47,60,15,77,13,101,69,25,38,89,63,60,26,61,104,88,98,109,86,94,82,158,72,78,105,80,79,72,94,71,68,30,49,33,61,75,52,55,35,33,29,20,51,22,28,35,26,53,48,38,83,64,74,65,64,85,33,49,65,77,44,19,65,59,87,18,99,21,77,49,85,102,99,71,74,100,99,40,104,34,58,42,70,76,99,47,81,68,55,60,72,75,85,51,67,69,43,119,77,49,75,50,49,55,76,84,92,89,72,120,10,45,53,84,47,56,17,40,45,68,34,41,54,22,7,56,66,81,58,70,91,111,98,93
20150501,10,O3_24h,227,252,200,241,98,159,226,249,230,188,214,221,152,140,163,154,146,157,77,165,175,248,150,171,141,208,195,235,187,163,171,173,60,235,238,166,126,200,216,175,232,198,178,181,96,204,162,306,215,127,196,233,138,187,105,75,162,106,75,249,183,139,85,70,138,190,94,102,143,163,86,80,103,74,115,144,156,175,152,139,157,170,251,213,214,216,263,189,148,198,182,217,128,118,240,130,139,97,66,112,163,67,178,183,70,55,211,206,133,136,154,136,124,138,148,154,187,104,158,102,59,97,135,191,106,190,251,187,164,152,226,180,120,133,84,93,132,44,142,154,121,147,118,147,69,79,157,143,146,164,111,164,111,129,104,97,105,203,189,103,115,135,133,137,121,152,110,121,111,103,212,188,99,177,197,192,125,226,208,207,137,95,141,161,,87,181,129,137,96,219,119,124,237,85,99,178,119,122,222,112,119,96,145,163,192,174,199,205,126,126,170,120,136,116,101,112,164,111,97,99,127,120,190,72,50,96,133,173,86,109,249,96,65,124,113,135,157,171,119,130,209,219,145,101,177,184,192,160,172,171,173,171,146,181,173,155,161,181,199,200,190,183,147,132,120,124,178,81,70,122,127,101,137,28,70,83,101,93,75,96,90,100,143,150,154,242,223,149,78,75,117,190,88,93,127,94,117,53,136,30,83,53,118,128,110,112,83,120,114,129,164,131,113,68,125,104,114,83,104,123,136,143,178,174,116,139,89,133,93,140,124,98,174,82,63,115,116,97,120,116,95,176,26,69,65,115,59,92,19,63,80,100,131,88,85,88,110,87,106,178,114,155,147,115,127,144
20150501,10,O3_8h,49,50,31,27,33,37,80,141,100,42,70,87,31,63,55,69,48,78,52,102,77,57,97,54,54,29,34,36,42,46,58,98,26,73,100,57,49,52,67,68,76,78,90,118,47,116,56,64,81,101,76,89,27,14,38,35,19,29,17,18,59,33,19,12,67,71,57,63,81,50,22,24,35,10,25,28,65,103,90,75,78,59,42,73,89,36,70,51,96,68,57,67,82,85,53,43,116,30,31,30,92,33,9,105,4,24,113,82,69,30,23,104,93,44,34,79,70,71,63,73,44,61,34,48,53,97,83,85,59,21,64,37,24,78,16,54,57,30,74,59,41,70,59,77,30,25,81,65,50,50,39,61,71,75,41,64,95,61,65,47,91,61,64,65,107,58,63,77,68,77,54,46,19,37,59,53,30,86,59,92,109,23,49,86,,29,30,59,60,30,86,52,40,97,38,50,136,95,67,72,77,56,76,82,73,110,48,33,54,77,83,58,64,66,49,34,52,65,57,58,62,67,71,98,35,26,45,36,102,38,79,38,62,54,67,23,91,9,116,46,25,36,76,36,47,47,61,88,62,70,79,82,82,88,90,88,85,88,75,72,60,90,95,66,24,20,32,52,49,36,37,22,32,25,20,48,28,23,21,31,51,30,11,94,67,78,68,72,96,20,50,65,92,34,14,46,51,80,12,32,16,61,42,61,62,103,36,62,88,66,12,95,21,38,38,68,79,100,26,92,66,61,66,107,79,77,50,39,58,47,92,81,49,81,32,43,23,81,72,51,54,56,108,7,34,49,69,49,41,17,39,51,88,44,23,57,33,35,74,34,92,61,61,82,73,83,66
20150501,10,O3_8h_24h,210,198,173,211,83,110,201,231,217,178,190,204,134,127,149,142,116,139,70,141,154,196,140,138,125,171,162,197,163,133,153,151,52,200,200,151,112,180,192,158,181,184,167,176,82,171,134,153,193,114,175,196,116,147,82,58,125,81,56,185,147,112,68,53,116,163,85,96,135,138,69,74,84,67,97,125,128,160,137,133,139,137,214,195,201,187,204,170,108,184,168,188,120,102,187,109,131,69,56,86,142,54,153,158,60,52,195,193,124,112,134,124,114,120,130,135,168,100,140,95,51,85,117,153,99,180,201,173,154,135,190,159,100,118,66,84,109,40,128,123,111,129,97,135,59,70,142,127,134,135,96,152,104,124,94,92,100,192,165,98,104,109,123,125,107,140,97,107,102,98,166,161,86,154,169,165,110,185,186,179,130,77,105,146,,79,165,122,121,85,203,111,112,220,81,95,136,96,103,197,106,91,98,133,140,179,155,162,188,104,117,158,110,129,107,96,104,118,110,89,97,106,110,164,60,48,85,108,165,83,91,162,81,57,115,88,124,122,158,104,112,146,196,118,92,121,168,172,146,153,151,163,162,140,164,162,142,137,164,177,176,173,172,136,102,87,105,155,57,62,101,94,89,100,26,59,70,91,73,65,90,78,89,127,131,143,183,172,136,65,69,118,155,84,81,115,83,106,42,115,24,74,48,113,124,107,100,80,104,106,103,116,114,101,60,109,101,110,78,100,114,129,131,164,160,115,132,78,126,90,137,119,90,167,76,53,94,108,93,114,112,91,157,22,66,81,107,55,85,17,59,71,90,118,81,83,81,100,78,91,169,101,138,117,96,116,123
20150501,10,CO,1.6,0.79,1.301,5.189,0.895,0.649,1.038,0.772,1.204,1.637,0.617,0.9,1.435,1.305,0.737,0.982,0.569,0.676,0.409,0.631,1.079,0.75,0.462,1.492,1.588,1.549,0.835,1.185,1.554,1.128,0.895,0.492,1.778,0.937,0.7,1.122,0.463,0.896,0.658,0.69,0.483,0.817,0.693,0.612,1.166,0.743,0.6,1.148,0.817,0.644,1.597,1.018,0.917,0.74,0.79,0.561,0.59,0.768,0.415,0.614,0.687,0.639,0.859,0.365,0.589,0.556,0.546,0.663,0.612,1.377,1.364,1.213,1.04,1.233,1.511,0.985,0.579,0.433,0.546,0.568,0.858,1.089,0.968,1.638,1.333,2.482,1.605,0.786,1.271,0.878,1.396,0.968,0.482,0.442,1.487,1.168,0.929,0.825,0.636,0.98,0.631,0.694,0.802,1.035,1.339,0.699,1.533,1.109,1.193,1.635,1.684,0.702,1.105,1.141,0.893,0.703,0.614,0.626,0.425,0.792,0.953,1.015,0.948,1.515,1.328,1.838,1.032,1.445,0.859,1.213,1.222,1.025,0.993,1.269,0.89,0.779,0.684,0.465,0.568,0.481,1.612,0.408,0.311,0.695,0.527,0.88,0.936,0.971,0.845,1.507,1.011,0.487,1.161,1.181,0.976,0.968,0.607,0.658,1.912,1.371,0.408,0.451,0.473,0.417,0.7,0.58,0.397,0.258,1.011,0.495,0.813,0.843,0.887,0.858,0.903,1.131,1.453,0.616,0.661,0.488,0.552,1.082,1.15,0.817,,0.263,1.011,1.439,0.637,1.41,0.605,1.08,1.454,0.361,2.668,0.328,0.979,0.454,0.346,0.534,0.393,0.486,0.584,0.913,0.962,0.56,0.69,1.128,1.047,0.771,1.003,0.748,0.849,0.454,0.372,0.319,0.418,0.669,0.457,0.553,0.297,1.201,1.024,0.92,1.168,0.591,0.141,1.222,0.884,0.607,0.922,0.74,0.661,1.163,0.914,1.309,1.161,1.523,1.125,0.648,1.525,1.259,0.82,1.154,0.66,0.469,1.025,0.63,0.807,0.595,1.233,0.949,0.956,1.049,0.761,1.863,1.542,0.869,1.414,0.833,2.472,1.58,1.376,1.384,1.083,0.872,0.885,0.838,0.874,0.531,1.281,1.801,0.696,0.647,0.355,0.932,1.978,0.861,2.121,0.866,1.085,0.652,0.786,0.38,0.552,0.156,0.555,0.311,0.452,0.578,0.454,0.726,0.307,0.304,0.863,1.174,0.747,0.444,1.007,0.913,0.567,0.469,0.432,1.078,0.686,0.481,1.375,0.544,0.49,0.075,0.823,0.694,0.592,0.776,0.704,3.208,0.387,0.234,1.866,3.116,0.364,0.837,3.017,1.427,2.365,0.956,0.612,1.363,0.74,1.137,1.107,2.297,1.21,0.526,0.871,0.373,1.041,0.463,0.623,0.362,0.728,0.6,0.215,1.078,1.667,0.41,0.689,0.386,0.633,0.937,0.421,0.308,2.549,1.59,1.342,0.752,2.376,0.872,0.517,0.515,0.92,1.212,0.75,1.112,1.647,3.743,1.088
20150501,10,CO_24h,1.187,0.8,0.944,2.495,1.221,0.923,1.011,1.04,1.147,1.814,0.796,1.032,1.02,1.613,0.688,0.949,0.518,0.735,0.44,0.682,0.799,0.89,0.562,1.052,1.325,1.178,0.978,1.249,1.401,0.791,0.962,0.638,1.566,0.828,0.846,0.967,0.524,0.855,0.596,0.69,0.565,0.717,0.659,0.602,0.95,0.665,0.63,1.04,1.081,0.706,1.425,0.954,0.847,0.857,0.812,0.577,0.681,0.82,0.486,0.704,0.7,0.803,0.889,0.649,0.669,0.743,0.588,0.809,0.505,1.519,0.69,0.939,0.684,0.795,1.048,1.002,0.821,0.626,0.595,0.53,0.817,1.403,0.918,1.543,1.345,2.234,1.966,0.831,0.92,0.708,1.35,1.078,0.456,0.485,1.13,1.256,0.936,0.775,0.633,1.002,0.681,0.678,0.933,1.005,1.146,0.746,1.475,1.275,0.948,1.591,1.561,0.932,1.371,1.183,1.379,0.94,0.687,0.615,0.515,0.518,0.706,1.147,0.898,1.312,1.397,1.844,1.071,0.75,1.155,1.161,1.195,0.964,0.858,1.268,1.205,0.794,0.751,0.481,0.821,0.843,1.342,0.644,0.709,0.856,0.751,0.806,0.836,1.114,0.886,1.499,1.11,0.677,1.224,0.576,0.407,0.956,0.437,0.475,2.116,0.743,0.427,0.465,0.445,0.403,0.717,0.578,0.477,0.274,1.055,0.51,0.954,1.05,1.069,0.849,1.053,0.846,1.084,0.628,0.808,0.541,0.648,0.837,0.841,0.747,,0.321,0.71,1.177,0.692,1.687,0.663,1.306,1.602,0.864,2.757,0.39,0.58,0.353,0.349,0.509,0.468,0.466,0.619,1.165,0.915,1.129,0.974,1.215,0.923,0.606,0.373,0.781,0.863,0.542,0.804,0.244,0.414,0.627,0.314,0.555,0.373,0.84,0.792,0.657,0.932,0.687,0.147,0.919,0.739,0.429,0.726,0.572,0.641,1.064,0.852,1.299,1.14,1.152,0.991,0.616,1.098,1.021,0.747,1.22,0.697,0.95,1.08,0.702,0.851,0.613,1.191,0.825,0.781,0.951,0.621,0.846,1.495,0.905,1.311,1.016,1.602,1.387,1.065,1.108,0.965,0.815,0.806,0.753,1.287,0.501,1.365,1.585,0.514,0.646,0.33,0.979,1.185,0.754,2.016,0.853,1.01,0.676,0.742,0.434,0.676,0.399,1,0.468,0.642,0.743,0.742,0.911,0.563,0.267,0.727,1.067,0.525,0.389,0.632,1.298,0.581,0.608,0.304,0.992,0.684,0.512,1.24,0.541,0.534,0.118,0.675,0.496,0.492,0.608,0.559,3.21,0.323,0.211,1.939,2.901,0.252,0.909,3.005,1.738,2.652,0.801,0.487,1.089,0.57,0.761,0.773,2.209,0.7,0.549,0.502,0.466,1.126,0.402,0.376,0.286,0.366,0.56,0.347,0.823,1.639,0.398,0.681,0.488,0.483,1.025,0.417,0.522,1.285,0.834,1.46,0.666,0.687,0.374,0.493,0.329,0.792,1.385,0.88,1.164,2.206,3.52,1.113
20150501,11,AQI,237,109,172,232,74,90,136,104,130,164,98,95,119,73,103,75,48,94,138,61,109,88,53,92,132,125,91,84,92,86,82,58,83,120,53,98,67,83,67,69,46,106,98,76,99,97,91,76,103,53,132,80,75,27,39,24,22,17,20,32,51,22,33,36,33,38,41,43,65,46,78,111,85,82,54,60,132,57,55,53,69,106,130,149,119,126,113,163,42,104,116,80,44,52,136,29,66,25,22,49,56,25,20,104,35,31,93,111,72,98,146,124,64,58,63,68,83,68,54,131,96,72,84,141,82,72,195,202,69,92,72,98,62,58,39,29,54,19,37,30,59,34,34,38,32,77,45,33,49,60,34,37,52,61,111,61,77,116,75,71,47,41,37,36,58,56,63,41,35,38,94,64,76,88,57,108,103,74,78,89,59,133,157,88,,70,143,91,70,73,87,100,80,93,53,78,147,56,69,82,72,84,67,98,85,114,59,96,121,162,133,71,54,50,36,54,48,80,92,139,36,144,114,96,114,87,72,188,66,96,92,82,38,94,70,61,150,54,82,80,86,77,87,55,53,59,58,108,81,92,84,108,97,76,132,116,75,89,100,67,96,98,93,103,99,50,62,69,41,46,77,66,60,47,36,36,58,30,76,56,43,32,49,48,39,51,34,39,48,35,24,33,45,45,39,53,67,43,82,63,36,35,30,63,77,53,56,33,53,53,69,53,66,50,53,59,45,64,107,70,35,31,66,47,39,102,41,73,79,76,58,55,90,41,74,42,113,77,83,64,127,89,61,74,63,61,59,72,53,65,197,222,339,76,43,34,83,121,193,54,93,54,39,63,65,85,40
20150501,11,PM2.5,186,81,130,181,53,56,103,77,98,124,62,67,89,36,61,43,26,47,47,38,81,65,32,68,100,94,67,60,68,63,60,32,53,90,34,73,48,61,48,49,32,79,73,55,74,72,67,52,76,10,100,58,54,16,21,11,14,11,11,19,24,15,18,10,14,13,23,17,37,23,57,83,28,60,31,41,100,23,29,23,49,79,85,114,89,95,84,123,15,69,87,58,14,20,103,20,47,12,11,34,39,9,14,77,11,17,69,83,52,45,111,93,30,17,25,40,46,26,19,58,71,52,50,107,60,46,146,151,33,68,52,73,39,40,27,5,28,7,11,9,26,18,15,16,22,56,31,19,33,42,18,19,16,27,79,28,48,79,54,36,3,23,23,12,19,38,15,22,9,10,70,45,55,65,31,80,76,53,57,66,22,101,119,65,,50,109,66,50,52,64,66,47,69,28,28,112,39,31,60,32,41,31,55,31,52,39,71,73,58,101,31,22,19,14,22,33,38,68,25,10,110,85,71,85,64,52,141,46,71,68,55,25,70,50,43,47,37,60,58,63,51,64,38,34,41,37,80,59,68,61,80,72,48,100,87,54,66,75,44,71,73,69,76,74,22,35,30,27,32,56,47,42,23,12,14,40,16,44,29,22,20,34,7,14,28,8,27,10,24,12,3,11,10,7,36,44,16,55,44,12,15,3,36,56,12,26,11,15,29,25,36,37,26,24,32,31,45,56,50,8,15,41,13,11,42,17,26,27,38,40,31,61,19,53,22,84,56,61,45,67,49,24,50,37,29,28,17,14,17,71,132,144,36,8,4,28,91,95,14,69,37,27,44,28,13,25
20150501,11,PM2.5_24h,144,99,100,156,82,70,114,89,98,152,86,90,83,79,52,47,36,47,35,49,60,74,50,54,66,81,73,63,58,62,60,39,53,80,58,73,62,58,56,58,41,59,54,62,49,56,54,48,96,20,81,59,49,29,23,12,22,17,15,30,30,27,20,12,26,45,26,22,29,50,53,42,62,35,44,41,90,49,34,39,47,101,75,115,95,110,102,93,30,52,76,63,32,27,74,34,52,10,13,55,42,11,38,79,21,19,71,72,48,48,86,76,41,28,47,56,55,16,43,34,46,48,52,78,65,56,124,81,63,77,69,74,53,59,54,13,30,8,42,59,24,33,75,42,52,51,28,51,57,57,46,53,19,23,110,21,35,68,56,27,18,35,21,28,23,36,27,28,17,15,73,55,59,77,52,61,82,51,64,63,39,72,86,45,,59,67,60,47,54,52,57,70,92,33,103,84,22,91,72,26,84,75,55,49,61,56,54,70,27,44,38,26,34,33,13,30,42,25,28,11,57,56,52,60,52,34,98,44,47,48,44,27,53,56,39,49,38,61,58,51,59,50,58,60,64,74,78,56,73,71,67,62,47,86,59,63,67,76,63,64,64,65,58,80,25,43,38,48,43,84,57,65,26,15,17,19,23,38,40,25,27,24,16,41,70,61,60,24,48,44,25,41,18,27,29,51,25,43,37,13,26,6,34,37,11,30,18,16,23,23,37,30,19,14,20,18,41,58,44,5,32,56,47,45,54,38,53,24,67,36,48,46,46,42,25,77,29,63,38,61,46,41,132,65,54,36,28,14,20,113,201,174,23,17,10,19,25,118,18,52,53,50,49,42,25,48
20150501,11,PM10,202,89,207,269,96,127,148,138,180,179,143,138,155,93,153,98,47,136,223,47,122,73,54,112,143,141,105,115,116,104,97,63,113,128,53,108,71,78,72,69,42,105,96,74,132,101,108,100,120,28,183,82,88,26,38,23,21,16,19,31,50,21,32,35,21,24,40,42,78,45,93,145,117,89,55,68,106,62,54,54,78,117,208,180,138,144,145,204,41,156,132,87,23,52,194,27,61,24,21,,48,24,17,76,34,30,121,163,91,143,205,156,75,64,74,84,114,83,55,209,89,71,115,191,87,92,194,230,86,87,88,117,71,19,35,28,55,18,36,15,66,31,33,34,30,96,36,24,48,47,33,36,52,70,169,70,101,180,83,89,9,40,36,35,39,59,74,29,23,19,89,67,79,111,61,97,132,69,80,118,31,204,176,102,,63,195,129,68,93,108,148,107,85,53,103,239,57,85,91,92,115,82,144,118,175,65,130,190,272,198,90,55,49,35,56,45,107,115,226,35,161,116,108,133,92,71,178,79,91,113,111,37,95,69,46,248,46,90,103,89,102,116,48,54,64,63,126,85,105,116,78,135,99,147,168,94,103,110,82,111,91,119,119,92,49,72,85,40,45,90,75,57,46,35,35,61,29,100,59,42,31,48,38,38,50,13,37,30,25,18,10,39,44,38,53,81,35,112,65,35,24,29,73,83,24,60,30,53,54,85,26,79,49,53,66,39,12,162,80,19,28,80,3,13,152,40,94,105,99,59,58,128,23,94,41,150,87,109,52,202,126,70,96,74,69,66,91,54,78,342,364,450,99,42,33,113,171,334,55,95,51,35,62,78,118,39
20150501,11,PM10_24h,175,126,161,206,128,134,166,197,170,214,167,152,163,160,189,95,62,122,95,84,98,99,69,95,99,130,109,118,108,89,92,66,95,119,90,113,87,80,76,84,58,90,73,85,101,86,86,115,175,42,152,138,80,48,48,28,42,28,28,46,54,45,45,27,50,78,47,51,53,144,119,105,288,124,76,67,196,136,55,57,72,146,144,190,140,152,178,168,53,113,126,112,52,46,137,55,69,25,22,72,58,24,85,72,35,33,118,173,99,86,186,137,92,65,110,81,130,48,109,70,64,69,98,146,103,107,203,137,147,123,117,122,86,89,82,31,51,17,62,93,53,54,105,78,89,80,38,114,134,157,126,157,62,49,465,68,112,148,90,65,26,54,39,49,43,61,82,41,29,33,103,73,84,112,77,92,112,69,92,99,57,125,131,74,,94,141,108,69,105,108,135,125,156,77,298,193,66,284,170,69,256,238,116,107,110,93,106,125,90,103,89,79,94,77,32,59,116,60,84,37,90,83,85,113,79,51,112,72,65,86,64,38,71,73,74,78,58,82,125,87,115,119,78,89,108,122,120,99,120,124,100,115,122,126,109,96,107,124,123,113,88,112,101,108,48,66,95,64,54,127,98,97,53,29,37,38,38,81,108,38,48,40,46,88,92,94,84,61,76,83,41,74,33,44,45,74,44,94,58,32,37,21,55,80,26,47,36,39,36,70,47,61,46,33,30,29,60,180,43,16,56,142,89,93,137,70,95,73,213,54,147,124,93,97,48,137,47,108,75,137,136,88,328,207,223,80,92,59,86,347,737,653,78,34,31,78,74,497,36,114,87,62,62,95,108,84
20150501,11,SO2,25,13,86,75,24,22,38,25,54,27,49,31,35,16,13,21,12,9,11,9,22,11,12,25,22,40,20,28,29,35,18,7,25,40,15,24,26,34,19,9,5,22,21,7,24,5,19,31,24,11,32,16,20,9,6,4,8,7,5,6,6,11,9,2,5,7,12,12,10,11,15,21,17,18,19,18,15,5,15,13,11,29,16,94,41,107,38,36,6,27,72,37,8,7,64,16,8,8,3,5,8,3,17,9,9,8,30,11,42,17,75,18,15,18,18,48,16,12,10,17,37,18,40,56,22,31,60,177,30,8,43,19,15,7,11,3,9,3,9,8,75,7,22,6,4,13,16,6,5,5,6,9,38,54,111,4,4,34,40,15,4,12,14,10,7,12,5,5,14,8,13,19,12,26,17,24,46,21,15,33,12,19,32,15,,15,41,42,9,15,26,23,46,11,51,16,20,42,7,13,3,4,3,60,24,17,12,12,4,8,6,13,15,10,6,7,11,14,9,6,24,28,9,23,167,43,7,17,14,24,12,41,13,31,2,8,18,6,4,13,48,14,37,9,14,14,15,67,49,30,34,24,35,17,23,70,20,36,22,29,24,38,28,22,2,12,32,35,4,61,12,40,4,9,3,7,19,58,27,12,7,8,11,10,3,5,9,17,11,4,11,9,17,8,17,56,21,29,52,13,12,5,20,11,43,15,12,20,8,4,13,12,17,9,20,8,6,10,36,17,3,5,11,7,7,387,8,7,18,22,3,13,20,10,18,13,26,5,12,19,27,3,8,5,6,9,4,3,12,15,11,18,298,13,15,3,14,39,1,11,7,18,5,12,16,29,15
20150501,11,SO2_24h,18,20,54,88,26,19,34,50,39,33,36,29,31,28,16,26,10,11,10,11,18,19,16,25,19,43,23,35,34,25,19,11,15,35,19,19,25,28,17,8,6,31,28,7,16,6,10,25,32,13,21,23,20,10,9,4,11,8,9,10,7,20,9,3,10,10,9,23,7,16,6,12,12,12,23,17,20,9,13,11,8,59,21,55,34,75,62,41,12,24,70,37,12,9,60,20,8,5,4,5,9,3,22,11,7,14,28,24,25,31,46,22,19,23,29,61,18,12,32,9,29,20,55,39,18,23,41,51,43,13,26,31,14,8,23,4,11,3,12,21,30,10,20,11,7,8,12,12,13,9,11,18,10,19,53,9,4,42,60,19,6,14,8,12,10,21,20,8,14,9,29,21,16,28,24,22,36,19,20,28,15,13,22,22,,20,19,18,8,16,33,44,37,30,71,15,20,46,5,19,5,4,2,50,20,18,14,17,5,5,4,11,21,10,16,3,9,13,15,13,27,22,7,22,44,41,5,21,16,19,8,43,30,30,2,14,23,8,5,13,23,40,41,22,22,28,29,80,33,31,21,13,36,19,18,25,23,24,34,28,16,20,22,29,12,14,43,27,8,44,22,37,4,14,3,10,17,43,25,18,7,20,9,14,11,17,27,10,21,5,13,10,25,6,16,20,15,27,54,18,11,6,4,10,60,16,10,19,9,5,12,7,15,8,10,7,5,10,40,11,3,7,12,15,37,295,7,6,18,7,8,9,6,11,9,10,15,4,6,15,25,3,7,5,4,5,6,3,13,16,9,17,125,7,14,4,9,11,3,11,9,29,7,13,22,22,21
20150501,11,NO2,57,10,63,70,24,20,23,14,26,19,23,13,39,14,23,30,30,19,31,22,40,40,11,20,19,35,34,43,36,25,18,13,29,44,24,43,29,24,28,12,15,31,19,12,27,49,60,34,16,12,60,42,23,22,20,11,11,6,4,11,15,13,13,7,16,23,18,12,15,24,56,24,35,43,22,13,15,10,13,10,19,17,24,33,20,41,30,19,22,21,25,19,17,19,29,23,13,13,4,11,6,6,27,10,27,9,22,7,18,29,47,15,19,23,13,34,21,21,10,27,17,20,34,40,17,26,30,56,32,33,37,16,16,8,10,5,10,7,21,14,27,17,15,15,8,25,10,15,15,21,23,25,8,21,26,15,17,22,17,26,13,33,11,19,19,8,18,10,15,8,23,30,41,31,27,25,47,11,27,29,8,16,27,28,,22,40,31,31,16,19,13,16,25,10,16,16,22,14,21,11,6,4,19,24,28,8,19,12,15,17,20,16,8,11,8,19,20,28,14,13,20,22,18,35,26,5,26,40,13,17,10,19,11,21,30,15,26,29,17,15,20,24,10,6,18,21,37,35,18,48,22,29,25,19,46,28,41,36,35,42,34,25,23,16,15,10,17,5,34,14,21,14,18,3,8,22,11,15,11,4,15,11,17,6,14,22,20,6,21,33,16,12,6,26,21,29,10,17,12,7,6,4,6,17,8,15,8,7,13,20,18,24,6,21,15,6,10,14,8,3,15,16,5,14,9,20,9,11,42,13,11,24,14,81,16,29,18,10,5,25,12,18,11,9,9,8,4,41,9,25,6,24,20,22,12,17,66,12,16,21,28,10,13,15,10,12
20150501,11,NO2_24h,48,26,41,59,35,26,36,19,32,30,38,21,49,22,19,40,37,36,41,27,47,49,14,24,29,31,42,48,41,22,20,16,27,40,38,45,44,36,30,25,17,50,33,17,27,25,31,34,34,18,46,46,30,34,30,13,21,9,10,29,16,23,28,10,23,31,25,23,15,21,34,28,19,43,31,19,24,12,24,10,12,35,35,33,23,50,56,22,33,22,31,31,42,34,33,26,11,12,6,19,8,6,38,9,20,19,25,13,19,26,55,13,30,38,50,33,37,17,12,24,26,28,33,36,21,30,34,36,25,32,30,26,14,11,29,11,20,9,23,23,34,15,17,15,11,26,14,19,18,23,23,23,13,22,13,18,15,38,35,21,9,48,13,25,42,15,23,20,18,6,32,36,47,37,30,36,43,13,48,40,10,21,33,46,,35,35,29,29,21,17,18,13,30,7,14,15,26,14,20,14,7,6,17,30,36,32,43,25,17,19,29,19,13,23,13,22,18,20,18,17,26,18,22,54,20,9,52,43,20,16,17,25,17,18,30,13,27,20,23,14,22,23,20,13,17,21,30,38,25,41,26,23,21,21,22,26,46,31,31,28,28,13,17,12,27,13,16,23,30,21,31,10,21,3,13,16,13,12,12,10,23,18,16,17,14,32,16,15,29,20,16,12,6,33,21,41,9,10,23,9,21,5,7,28,8,15,12,9,11,28,17,27,5,14,12,10,12,29,3,3,13,15,8,12,11,16,16,13,34,23,14,15,12,57,15,33,14,12,16,19,17,22,10,10,12,15,6,32,8,13,11,19,16,16,8,18,16,11,16,21,28,17,11,32,12,22
20150501,11,O3,110,146,64,109,61,73,139,87,172,133,130,165,99,53,56,138,95,147,82,123,141,120,115,92,121,152,112,140,125,92,102,121,44,157,128,134,89,156,156,153,129,143,145,129,75,79,33,70,143,111,81,89,51,39,41,39,41,38,31,51,54,50,63,30,51,77,85,96,101,39,91,59,64,45,55,64,91,115,155,133,89,102,107,123,169,113,159,95,103,123,150,141,109,106,151,30,117,42,38,58,97,42,25,123,13,52,188,89,93,16,70,93,111,117,118,101,181,73,118,112,61,100,66,44,88,168,118,75,40,28,55,75,24,74,57,55,84,43,67,56,91,56,51,76,30,51,120,66,38,55,33,52,115,117,68,76,87,146,134,75,104,88,95,89,122,100,81,100,73,77,116,116,65,103,117,158,70,153,157,175,107,77,97,147,,53,58,103,56,66,81,43,27,74,41,94,193,104,90,69,103,52,99,123,120,147,131,161,168,139,117,132,97,114,100,76,98,94,60,79,82,136,126,184,50,29,88,55,162,69,72,34,63,40,68,26,76,33,113,90,39,35,97,63,72,31,60,121,108,115,133,108,113,87,177,84,97,77,76,72,73,103,66,81,30,74,55,76,76,57,73,51,48,35,21,54,33,38,53,25,72,55,65,84,63,76,62,65,84,33,42,63,75,52,44,96,67,106,30,112,27,85,56,106,123,100,99,77,111,94,86,114,77,85,52,76,87,105,66,95,84,57,63,69,69,99,62,94,102,49,136,84,73,83,73,47,85,83,93,104,108,94,134,10,54,60,89,46,68,19,27,43,66,53,44,52,54,26,58,98,87,63,68,92,106,102,99
20150501,11,O3_24h,227,252,200,241,98,144,226,249,230,188,214,221,152,140,163,155,144,157,83,169,175,248,150,170,141,219,195,235,187,163,171,173,60,235,238,166,126,200,216,175,232,198,178,181,96,191,162,306,215,127,196,233,138,187,104,75,162,106,75,249,183,139,87,70,138,190,95,102,143,163,96,81,98,69,115,144,156,175,155,140,157,170,251,213,214,216,241,189,152,198,182,198,128,121,240,130,139,97,66,112,163,67,178,183,70,55,211,206,133,136,154,136,124,138,148,154,195,104,158,113,61,102,135,186,106,190,251,187,164,152,226,173,120,133,84,93,128,44,142,154,121,147,118,147,69,79,157,143,146,164,111,164,115,129,104,97,105,203,189,103,115,135,133,137,122,152,110,121,111,103,199,188,99,177,197,192,125,226,208,207,137,95,141,161,,87,181,129,137,96,219,119,124,237,85,99,193,119,122,222,112,119,99,153,163,192,174,199,205,139,126,170,119,136,116,101,112,164,111,97,99,146,129,190,75,51,96,133,174,84,109,249,96,65,124,113,135,157,171,119,130,209,219,145,101,177,184,192,160,165,171,173,171,146,183,173,155,161,181,199,200,190,183,147,132,120,124,178,81,71,122,125,101,137,28,70,80,101,93,75,96,90,100,143,150,154,242,223,149,78,75,117,161,88,93,127,96,117,53,136,33,85,56,118,128,110,112,83,120,107,129,125,131,116,67,125,104,114,83,104,123,136,143,178,174,115,138,94,133,93,140,124,98,174,82,63,115,116,97,120,116,95,176,26,69,65,115,59,92,19,63,80,100,131,88,85,88,110,87,106,178,114,155,147,115,127,144
20150501,11,O3_8h,54,64,32,37,37,41,86,125,105,54,79,97,40,59,57,78,53,89,57,111,89,65,101,57,63,45,46,49,53,51,63,101,28,84,101,67,54,64,80,80,85,85,96,117,50,107,52,60,89,102,75,87,32,18,38,36,23,30,19,24,57,35,24,14,64,74,61,68,81,48,31,29,39,17,28,32,67,103,104,82,78,64,51,77,97,48,81,57,83,74,69,76,87,87,65,38,117,31,32,34,89,34,12,110,5,28,122,81,71,25,29,101,97,57,46,81,88,71,71,79,46,65,37,48,58,107,89,80,55,21,59,41,24,76,22,55,60,30,72,58,44,66,57,75,30,26,86,65,47,51,38,58,74,80,43,64,95,68,73,51,93,67,69,70,108,63,66,81,69,75,63,57,25,43,71,68,36,96,66,101,109,30,50,93,,33,33,63,59,34,84,49,35,90,38,55,142,96,69,72,79,53,79,93,79,118,62,50,68,87,87,69,68,73,56,39,58,72,55,59,67,76,78,107,37,26,51,41,113,43,79,37,62,53,66,20,90,11,114,54,27,36,77,40,50,50,58,93,68,76,86,84,84,86,103,85,83,91,73,72,61,90,90,67,25,27,34,54,56,39,42,26,37,24,20,48,28,25,24,29,52,34,18,94,67,78,67,71,94,23,46,64,89,36,16,51,53,84,14,44,17,68,44,63,71,102,44,64,91,77,21,95,25,64,39,69,77,100,31,92,68,60,64,92,77,79,50,45,62,44,98,81,48,81,36,44,30,79,75,60,59,60,112,7,37,50,71,48,44,17,39,50,84,44,24,55,32,30,72,42,88,60,61,84,81,86,72
20150501,11,O3_8h_24h,210,198,173,211,83,110,201,231,217,178,190,204,134,127,149,142,116,139,70,141,154,196,140,138,125,171,162,197,163,133,153,151,52,200,200,151,112,180,192,158,181,184,167,176,82,171,134,153,193,114,175,196,116,147,81,58,125,81,56,185,147,112,71,53,116,163,85,96,135,138,69,74,84,61,97,125,128,160,137,133,139,137,214,195,201,187,204,170,108,184,168,188,120,102,187,109,131,69,56,86,142,54,153,158,60,52,195,193,124,112,134,124,114,120,130,135,168,100,140,95,51,85,117,153,99,180,201,173,154,135,190,159,100,118,66,84,106,40,128,123,111,129,96,132,59,70,142,127,134,135,96,152,104,124,92,92,100,192,165,98,104,109,123,125,108,140,97,107,102,98,166,161,86,154,169,165,110,185,186,179,130,77,105,146,,79,165,122,121,85,203,111,112,220,81,95,142,97,103,197,106,91,94,141,140,179,155,162,188,104,117,158,110,129,107,96,104,118,110,89,97,107,110,164,60,48,85,108,165,80,91,162,81,57,115,88,124,122,158,104,112,146,196,118,92,121,168,172,146,153,151,163,162,140,164,162,142,137,164,177,176,173,172,136,102,87,105,155,59,62,101,94,89,100,26,59,70,91,73,65,90,78,89,127,131,143,183,172,136,65,69,115,155,84,81,115,83,106,42,115,24,74,48,113,124,107,100,80,104,96,103,116,114,93,59,109,101,110,78,100,114,129,131,164,160,114,131,78,126,87,137,117,90,167,76,53,94,108,93,114,112,91,157,21,66,75,107,55,85,18,59,71,90,118,81,82,81,100,78,91,169,101,138,117,99,116,123
20150501,11,CO,1.433,0.641,1.334,3.454,0.889,0.571,0.955,0.77,1.392,1.41,0.52,0.914,1.166,1.367,0.744,0.813,0.616,0.658,0.417,0.626,1.053,0.751,0.453,1.095,1.624,1.616,0.796,1.001,1.458,1.047,0.865,0.498,1.679,0.902,0.695,1.007,0.454,0.857,0.638,0.633,0.482,0.768,0.698,0.606,1.217,0.775,0.637,1.163,0.728,0.64,1.692,0.984,0.906,0.731,0.77,0.592,0.575,0.753,0.534,0.529,0.66,0.624,0.851,0.378,0.601,0.551,0.527,0.617,0.704,1.405,1.442,1.195,0.935,0.863,1.007,1.003,0.63,0.453,0.507,0.523,0.875,0.99,1.016,1.515,1.349,2.405,1.462,0.739,1.324,0.673,1.32,0.807,0.467,0.404,1.369,0.993,0.932,0.841,0.632,0.957,0.633,0.701,0.666,1.021,1.379,0.528,1.515,1.012,1.214,1.863,1.46,0.654,1.102,1.01,0.753,0.727,0.657,0.687,0.448,1.043,0.662,1.001,0.885,1.261,1.358,1.788,0.97,1.44,0.88,1.113,1.285,0.953,1.028,1.223,0.85,0.77,0.704,0.439,0.523,0.612,1.511,0.436,0.307,0.708,0.527,0.79,0.902,0.938,0.742,1.497,1.008,0.517,1.181,1.095,1.007,0.884,0.699,0.578,1.436,1.073,0.411,0.442,0.407,0.402,0.675,0.518,0.418,0.243,1.005,0.485,0.811,0.84,0.67,0.762,0.92,0.854,1.306,0.614,0.554,0.485,0.547,0.958,1.046,0.812,,0.19,1.149,1.435,0.686,1.356,0.644,0.945,1.475,0.344,2.702,0.407,0.896,0.445,0.334,0.615,0.357,0.47,0.582,0.979,0.845,0.452,0.651,0.573,0.773,0.657,0.646,0.719,0.827,0.425,0.379,0.201,0.385,0.556,0.41,0.54,0.28,1.111,0.943,0.911,1,0.678,0.131,0.954,0.841,0.594,0.828,0.692,0.64,1.143,0.936,1.277,1.186,1.518,1.212,0.567,1.335,1.216,0.834,1.081,0.667,0.543,1.192,0.673,0.826,0.628,1.271,0.942,0.989,1.068,0.632,1.616,1.407,0.858,1.108,0.931,1.804,1.582,1.349,1.387,1.178,0.747,0.73,0.795,0.849,0.604,1.107,1.79,0.626,0.767,0.357,0.935,1.93,0.782,2.065,0.953,0.963,0.633,0.767,0.378,0.556,0.137,0.615,0.324,0.462,0.572,0.578,0.774,0.329,0.29,0.703,1.164,0.674,0.463,0.796,0.921,0.582,0.471,0.411,0.992,0.435,0.479,1.148,0.506,0.468,0.366,0.577,0.755,0.487,0.685,0.554,3.285,0.353,0.217,1.549,2.995,0.373,0.843,3.004,1.509,2.423,0.873,0.526,0.994,0.536,1.136,0.7,2.263,1.109,0.538,0.532,0.381,0.995,0.453,0.446,0.361,0.431,0.6,0.158,0.984,1.581,0.385,0.603,0.392,0.595,0.957,0.583,0.274,2.554,1.157,1.41,0.702,0.604,0.901,0.571,0.316,0.938,1.221,0.755,1.091,1.81,3.225,0.95
20150501,11,CO_24h,1.185,0.795,0.937,2.5,1.145,0.72,0.987,0.999,1.141,1.804,0.786,1.024,0.954,1.586,0.678,0.939,0.492,0.727,0.441,0.68,0.818,0.868,0.556,1.04,1.329,1.209,0.964,1.242,1.417,0.801,0.952,0.623,1.576,0.838,0.842,0.966,0.527,0.855,0.594,0.696,0.558,0.719,0.661,0.6,0.968,0.666,0.628,1.046,1.074,0.705,1.428,0.954,0.848,0.845,0.784,0.575,0.673,0.814,0.481,0.687,0.692,0.778,0.909,0.642,0.663,0.715,0.583,0.801,0.49,1.503,0.724,0.945,0.689,0.736,1.052,1.002,0.801,0.612,0.499,0.529,0.816,1.377,0.894,1.541,1.344,2.213,1.952,0.809,0.917,0.688,1.359,1.056,0.458,0.482,1.133,1.224,0.935,0.774,0.632,0.991,0.672,0.676,0.925,1.008,1.154,0.743,1.473,1.256,0.956,1.604,1.54,0.934,1.37,1.176,1.337,0.915,0.68,0.627,0.516,0.541,0.715,1.158,0.887,1.29,1.39,1.844,1.054,0.768,1.138,1.161,1.2,0.961,0.854,1.27,1.191,0.797,0.78,0.479,0.793,0.829,1.308,0.631,0.686,0.835,0.733,0.81,0.839,1.087,0.878,1.487,1.092,0.666,1.23,0.605,0.439,0.95,0.451,0.457,2.124,0.774,0.427,0.466,0.448,0.406,0.709,0.581,0.476,0.274,1.054,0.506,0.946,1.026,1,0.865,1.055,0.862,1.106,0.63,0.801,0.538,0.643,0.849,0.851,0.751,,0.317,0.719,1.187,0.687,1.607,0.652,1.275,1.6,0.839,2.754,0.39,0.609,0.359,0.343,0.503,0.471,0.465,0.62,1.184,0.888,1.064,0.968,1.179,0.919,0.606,0.38,0.773,0.867,0.545,0.796,0.242,0.412,0.631,0.327,0.567,0.376,0.849,0.802,0.664,0.943,0.687,0.147,0.92,0.749,0.45,0.715,0.577,0.641,1.064,0.853,1.254,1.143,1.169,0.993,0.614,1.097,1.039,0.744,1.201,0.695,0.945,1.085,0.7,0.837,0.596,1.191,0.823,0.791,0.95,0.624,0.886,1.495,0.905,1.32,1.004,1.622,1.4,1.082,1.108,0.963,0.799,0.803,0.74,1.269,0.501,1.349,1.591,0.502,0.635,0.331,0.978,1.22,0.754,2.014,0.863,1.008,0.675,0.746,0.418,0.668,0.388,0.948,0.445,0.63,0.741,0.738,0.846,0.544,0.265,0.721,1.062,0.534,0.394,0.636,1.237,0.586,0.599,0.308,0.984,0.685,0.512,1.228,0.539,0.521,0.414,0.677,0.508,0.487,0.547,0.557,3.194,0.323,0.21,1.903,2.902,0.257,0.905,2.99,1.728,2.634,0.81,0.481,1.092,0.558,0.761,0.777,2.2,0.719,0.539,0.511,0.462,1.132,0.406,0.358,0.294,0.372,0.563,0.345,0.835,1.64,0.385,0.67,0.485,0.492,1.027,0.414,0.504,1.345,0.825,1.463,0.667,0.698,0.401,0.485,0.328,0.796,1.365,0.862,1.162,2.2,3.485,1.095
20150501,12,AQI,225,96,175,199,81,90,109,96,121,136,87,100,99,85,110,80,45,93,191,60,100,86,56,92,99,125,88,83,89,80,85,55,71,116,56,76,76,74,65,56,48,104,100,78,94,99,85,77,80,55,143,78,70,29,47,22,24,17,28,28,47,32,34,35,31,38,44,37,64,49,87,113,75,67,51,56,80,61,65,47,69,91,110,142,120,117,105,150,45,101,110,67,48,62,143,34,66,30,22,46,56,18,30,88,36,27,104,88,75,105,135,119,63,52,61,74,103,67,52,172,93,69,83,133,66,80,199,189,70,92,80,88,62,38,37,28,53,17,40,30,43,33,45,53,33,70,46,34,48,63,40,33,53,58,109,58,70,105,66,51,49,46,38,39,61,58,66,43,36,38,86,67,75,88,58,89,103,78,76,104,60,147,117,88,,61,125,91,72,62,64,91,70,83,42,74,155,54,72,88,67,78,61,123,93,111,54,79,109,252,110,72,37,49,36,70,43,70,70,153,36,124,97,102,120,87,70,170,75,92,85,81,36,89,65,54,58,42,83,83,78,79,86,46,46,64,57,89,74,98,86,83,96,78,100,117,77,91,98,74,91,103,93,103,104,31,54,58,48,49,60,62,64,47,29,37,57,33,68,57,39,39,44,47,43,42,35,38,47,29,49,34,44,57,50,48,67,47,79,67,44,37,24,61,64,52,56,34,48,42,59,49,59,60,46,67,39,81,86,52,37,30,71,39,38,72,46,61,53,83,56,56,89,42,64,54,103,82,71,54,91,109,63,75,60,59,56,50,69,67,174,312,349,71,62,41,57,115,159,46,86,59,44,63,68,80,40
20150501,12,PM2.5,174,71,132,149,54,49,81,71,91,103,57,62,62,54,59,40,25,46,58,38,75,63,29,68,74,94,65,53,66,58,62,30,44,87,31,55,55,53,46,38,30,77,75,57,70,74,62,53,55,11,109,57,50,15,19,10,14,11,10,19,22,15,18,12,14,15,18,15,34,23,64,84,28,43,25,32,46,28,33,20,49,67,80,108,90,88,78,115,14,67,82,46,13,20,109,18,44,14,12,32,39,9,14,65,10,16,62,65,54,43,102,89,29,14,24,37,46,26,19,69,69,49,54,101,47,45,149,142,30,68,58,65,39,23,24,3,26,7,13,12,19,17,21,18,20,50,29,12,33,44,19,22,12,16,77,23,13,78,39,20,5,21,13,13,20,37,18,19,7,10,63,48,54,55,33,58,76,53,55,67,28,112,88,65,,43,94,67,52,41,37,49,48,61,24,22,105,36,29,65,30,19,28,55,33,46,32,55,64,63,59,36,19,16,11,11,30,25,44,28,7,93,72,64,90,64,50,128,51,68,62,59,24,66,46,37,40,29,61,61,57,49,50,32,31,45,39,66,53,73,51,55,70,49,75,77,56,67,73,50,67,76,69,76,77,15,36,32,33,32,35,42,45,23,13,13,37,21,38,33,21,24,28,9,16,25,8,26,6,20,13,3,14,14,13,31,42,21,55,48,10,16,2,27,45,11,25,10,16,27,23,30,34,22,18,30,18,59,34,26,6,16,39,11,12,31,17,22,16,39,31,27,57,19,42,30,76,60,51,37,67,76,26,45,34,24,28,14,16,18,87,118,153,45,10,5,16,66,78,15,63,38,24,44,31,13,16
20150501,12,PM2.5_24h,144,98,98,155,82,68,111,84,97,150,85,87,80,78,52,48,35,47,36,51,62,74,50,51,67,83,73,63,60,63,61,37,53,82,57,72,63,58,56,59,41,60,55,63,50,56,52,49,95,19,79,60,49,26,22,12,21,17,14,29,27,25,19,11,25,42,25,22,29,48,50,44,60,36,42,40,90,48,34,38,47,98,74,115,95,100,100,94,29,52,77,61,31,26,74,33,52,10,13,54,42,11,36,71,21,19,70,72,49,48,86,77,41,28,46,55,55,17,42,36,48,49,52,77,64,56,125,82,61,77,69,73,52,57,52,12,30,8,39,57,24,33,72,38,49,51,27,48,56,57,44,53,18,23,96,22,35,65,57,27,17,34,21,27,22,37,27,27,17,14,74,55,58,76,51,63,83,52,65,64,38,75,89,46,,59,68,61,47,54,50,57,70,95,33,83,85,24,90,72,25,82,59,54,49,60,56,53,69,27,45,38,26,33,32,12,29,42,26,27,11,58,57,52,62,52,35,102,44,47,48,45,25,53,55,39,50,36,61,59,51,60,49,54,57,63,72,78,55,72,70,66,62,46,85,60,63,67,76,64,65,65,66,59,80,25,41,37,47,42,81,55,64,25,15,17,20,23,37,40,25,27,24,15,38,68,55,57,23,47,43,23,40,18,26,29,50,24,44,38,13,25,6,34,37,11,28,18,16,24,23,36,30,19,14,19,19,45,55,44,5,31,55,47,44,50,36,52,23,64,36,47,46,44,43,25,78,31,61,38,62,48,40,116,60,51,36,28,14,19,114,196,168,24,17,10,19,27,115,18,53,53,49,49,42,25,46
20150501,12,PM10,183,80,207,215,110,128,138,97,163,150,121,148,146,117,168,108,44,134,330,44,116,72,51,98,134,141,102,113,118,108,98,57,90,126,49,84,81,79,70,59,40,105,94,74,116,98,98,102,107,40,208,83,88,28,46,21,23,15,27,21,46,31,33,34,20,29,43,34,76,48,90,153,98,82,50,60,107,69,55,44,71,119,167,170,137,130,136,195,40,150,135,82,22,71,190,33,62,29,21,31,52,16,29,66,35,26,119,123,96,157,190,156,73,51,69,95,118,81,51,292,89,70,113,211,71,94,212,176,87,85,99,103,71,31,36,26,53,16,39,16,42,30,44,54,32,74,40,33,45,58,39,32,54,64,165,63,88,157,79,50,8,45,21,33,49,64,80,33,15,24,84,67,78,123,63,73,120,76,78,109,39,175,135,101,,,179,127,89,72,76,129,87,110,41,96,258,55,92,107,81,104,69,193,134,169,56,105,165,385,168,92,33,48,35,88,34,88,88,253,33,134,100,95,156,105,68,167,82,105,110,74,35,91,63,41,55,33,96,105,80,106,119,45,45,65,61,111,77,94,119,113,139,104,127,181,97,103,104,95,106,98,126,123,93,30,56,63,27,48,67,71,65,46,28,36,61,32,83,61,38,38,43,41,42,41,14,36,18,17,48,11,40,61,49,47,82,46,105,69,43,24,19,70,57,33,60,30,46,34,66,,65,68,45,81,34,10,119,52,16,28,90,33,15,92,45,70,53,114,34,59,126,28,75,55,110,86,89,56,118,165,70,97,67,65,59,49,85,81,295,428,458,89,71,40,61,177,265,45,102,65,43,65,84,107,28
20150501,12,PM10_24h,176,124,159,206,127,131,162,193,169,212,167,151,157,157,190,96,62,124,105,85,101,98,69,91,100,133,109,119,110,91,92,65,95,122,88,111,89,80,76,85,58,91,73,85,102,85,82,116,173,40,152,136,79,45,48,27,40,27,27,44,50,43,44,26,49,72,47,50,54,141,105,108,284,121,72,64,193,133,55,56,71,145,142,187,140,149,176,169,52,113,128,109,50,47,137,53,69,24,22,70,59,23,81,67,34,33,118,170,98,92,186,140,91,65,109,80,131,49,108,80,65,70,100,147,101,108,203,137,143,121,116,127,84,84,80,31,50,17,57,89,52,54,101,72,84,80,38,111,133,155,123,153,61,51,415,69,112,144,90,66,25,53,37,48,42,63,83,41,29,32,102,73,82,113,77,94,112,70,92,101,56,129,135,77,,95,143,109,69,104,105,134,125,170,73,289,187,66,280,168,68,253,231,118,108,112,93,104,125,100,106,89,76,93,74,33,56,113,61,101,36,92,84,85,115,79,52,117,73,62,87,65,37,72,72,71,78,51,83,126,86,114,115,72,87,106,119,119,96,117,123,101,116,120,126,112,96,107,124,122,114,89,113,102,106,47,64,91,61,52,123,93,95,51,28,37,39,38,79,103,38,48,41,42,83,89,83,80,59,75,81,42,72,35,43,45,74,45,95,59,32,36,21,56,80,26,46,37,39,36,71,46,61,56,33,30,29,60,177,43,17,53,138,87,90,126,67,85,73,209,53,145,119,91,98,48,137,49,105,75,140,140,88,309,184,216,79,92,60,85,347,716,638,79,37,31,78,78,483,37,115,86,59,62,95,108,80
20150501,12,SO2,20,12,67,50,22,24,33,22,55,21,42,31,29,14,20,19,10,9,11,9,21,11,13,21,22,42,16,24,25,36,17,7,19,41,13,17,21,27,15,7,5,18,20,6,20,4,21,29,23,12,46,16,20,7,7,3,7,7,6,6,5,9,8,2,5,6,14,11,7,11,14,17,8,15,13,17,11,7,14,12,9,33,19,96,31,95,26,35,5,27,49,24,9,4,63,14,8,8,3,5,8,2,15,15,7,7,28,11,32,10,75,17,18,18,14,34,17,15,88,17,39,17,41,48,19,23,44,86,20,9,34,23,15,7,8,4,9,3,9,8,61,6,18,7,6,6,14,6,5,5,6,8,32,64,129,5,3,31,31,13,4,11,14,11,12,11,5,5,13,8,15,18,10,29,18,23,38,20,12,31,13,19,12,14,,12,20,39,7,14,22,20,24,22,50,13,18,41,5,14,4,4,3,45,20,16,9,9,4,11,6,12,17,9,10,3,11,14,7,5,24,24,7,30,85,38,7,15,16,20,9,40,25,25,3,8,17,8,10,11,40,15,36,10,10,16,16,58,50,38,30,39,43,19,21,64,18,37,28,27,17,26,23,21,2,8,18,26,4,19,11,42,7,9,2,7,15,34,28,11,8,7,7,11,3,4,10,22,10,4,11,9,24,8,19,36,16,36,70,12,11,5,15,9,22,15,18,14,8,5,13,11,16,9,19,5,6,11,31,11,3,6,10,13,8,131,9,5,15,18,8,12,7,8,12,11,16,5,13,20,23,2,37,3,3,7,5,9,11,15,10,20,229,11,14,4,10,38,4,11,7,16,4,13,21,23,12
20150501,12,SO2_24h,17,20,54,88,25,19,33,41,40,33,36,28,29,26,15,26,10,11,10,11,19,18,16,24,18,43,22,35,34,26,18,9,15,36,18,18,25,29,16,8,6,31,28,7,17,6,17,25,31,13,21,23,20,10,9,4,11,8,9,10,6,19,8,3,9,9,9,22,7,16,6,12,10,13,23,16,19,7,13,11,8,56,20,57,35,75,61,40,11,24,70,37,12,9,59,19,8,5,4,5,8,2,21,12,7,14,29,22,25,28,46,23,19,23,28,60,18,12,34,10,30,21,54,39,18,23,40,54,41,12,25,31,14,8,22,4,11,3,12,20,30,10,20,10,7,8,12,11,12,8,10,17,11,22,56,7,4,41,60,19,6,13,8,12,10,21,15,8,14,9,16,21,16,28,24,22,35,20,19,28,15,14,22,22,,20,18,18,8,16,32,42,36,44,71,15,21,46,5,18,5,4,2,50,20,18,13,16,5,6,4,11,21,10,16,3,9,12,15,6,27,22,7,23,46,42,5,21,17,18,8,43,30,30,2,13,23,9,5,12,23,38,45,20,20,27,29,81,33,31,22,14,37,18,19,27,22,24,34,28,17,20,22,29,11,13,42,25,8,43,21,36,4,13,3,10,17,43,25,17,7,20,9,13,10,16,24,10,18,4,12,11,24,6,16,20,15,27,50,17,11,6,4,10,59,16,10,19,8,4,12,8,14,8,10,6,5,10,39,11,3,7,12,17,36,299,7,6,18,7,8,8,6,11,10,10,15,4,7,16,25,3,9,5,4,4,6,4,13,16,9,17,133,7,14,4,9,12,3,11,9,28,7,13,22,22,20
20150501,12,NO2,51,8,53,40,21,20,21,16,22,14,23,13,31,17,22,26,26,18,27,20,29,34,10,15,17,34,26,34,35,25,17,12,22,38,19,30,30,19,25,10,13,26,15,11,22,49,64,33,14,12,68,43,20,20,21,8,10,6,5,9,14,15,15,6,15,22,15,11,10,24,46,22,17,34,17,11,13,8,13,7,16,14,20,30,15,32,24,16,22,18,22,13,16,9,22,18,12,11,5,8,7,5,30,6,19,8,22,9,14,29,39,13,17,20,11,30,16,28,12,30,20,18,40,33,13,24,36,41,30,29,51,14,15,9,9,5,9,5,18,15,25,11,14,11,8,17,8,21,14,18,21,26,7,24,26,13,12,20,11,16,12,31,11,18,18,6,16,9,13,7,22,26,35,31,26,21,35,10,26,26,8,15,11,25,,17,35,29,40,15,17,11,15,14,10,11,15,20,11,24,11,6,4,18,20,23,6,14,8,16,18,17,14,7,12,6,18,15,25,15,13,18,18,17,33,31,4,24,39,14,13,7,34,10,18,23,12,19,26,15,9,13,25,9,5,12,18,28,29,20,34,24,32,25,17,42,26,54,45,34,34,35,28,21,8,9,5,13,5,40,9,29,8,14,2,8,16,9,10,11,5,15,8,14,6,11,16,15,7,18,29,12,11,5,20,20,16,9,13,11,7,7,4,3,17,8,5,8,4,9,15,18,17,3,15,17,5,12,14,3,2,13,13,4,15,9,15,4,10,29,13,12,9,14,64,12,20,17,9,5,18,10,28,8,4,7,7,3,31,10,19,5,15,17,16,8,8,45,2,7,16,25,11,12,18,8,10
20150501,12,NO2_24h,48,26,41,59,35,26,35,19,32,30,38,21,48,21,18,40,37,36,41,28,47,49,14,23,29,31,42,48,41,23,20,16,27,40,37,45,44,36,30,25,17,50,33,17,27,25,46,34,33,17,47,46,30,33,29,13,21,9,10,27,17,22,28,10,23,30,25,22,14,21,35,29,19,43,30,19,23,12,24,10,12,34,34,33,23,49,55,22,33,22,31,30,41,34,33,26,11,12,6,19,7,5,38,9,21,19,26,13,18,26,55,13,30,38,49,32,37,17,12,24,26,28,33,35,21,31,34,37,25,32,31,27,14,11,28,11,19,9,22,22,34,14,16,14,11,26,14,19,17,23,22,23,13,22,13,19,15,38,35,21,9,49,13,25,41,15,22,20,18,6,31,36,47,38,31,36,43,13,48,40,10,22,33,46,,35,36,30,30,21,17,18,13,26,7,14,15,26,14,20,14,7,6,17,30,36,32,42,25,17,19,30,19,13,23,12,22,18,21,18,17,26,18,22,53,21,9,52,43,20,16,17,25,16,17,30,13,24,20,23,14,23,22,20,13,17,21,30,38,25,41,27,24,21,21,23,26,46,32,31,28,29,14,18,11,26,13,16,22,30,20,30,9,20,3,12,16,13,12,12,10,23,18,15,17,14,28,15,16,29,20,20,12,5,32,21,40,9,10,23,9,21,5,6,28,8,14,12,9,11,28,17,26,5,13,12,10,12,29,3,3,13,14,9,12,11,16,15,13,33,23,14,15,12,56,15,34,14,12,16,19,17,23,10,10,12,15,6,32,8,13,11,19,16,16,8,18,18,10,16,21,28,16,11,32,12,21
20150501,12,O3,122,163,87,175,67,98,152,80,195,150,149,180,123,50,61,141,109,155,89,130,181,153,124,114,144,150,141,167,154,104,121,131,54,186,140,153,99,177,169,159,137,160,167,131,86,81,44,78,152,113,77,90,67,50,43,42,51,44,33,64,59,53,68,33,54,93,103,102,121,40,108,72,89,58,68,81,98,131,165,144,94,109,138,138,189,133,170,124,130,147,177,159,118,118,181,44,122,52,42,67,106,46,36,143,19,53,205,89,98,14,76,93,118,115,122,108,203,76,127,118,66,114,61,32,103,183,98,98,39,35,38,81,24,73,67,59,94,44,84,56,106,65,76,92,29,94,129,61,39,63,37,49,118,116,95,80,99,169,134,89,110,95,109,101,131,119,94,108,79,73,149,139,80,105,131,190,91,181,178,206,116,92,146,168,,67,83,118,53,66,87,50,28,61,41,102,199,106,104,70,106,55,103,132,132,158,130,164,183,119,119,137,98,119,100,85,101,89,64,94,77,148,138,202,60,35,95,78,179,77,79,33,67,43,75,41,84,51,125,92,55,49,95,66,68,47,73,136,126,121,148,130,135,100,183,122,102,92,69,76,94,101,56,94,59,90,71,97,78,57,95,52,61,56,22,54,49,59,72,30,81,63,88,87,64,84,72,75,87,37,46,69,89,71,53,128,74,133,41,115,30,90,61,112,127,101,120,80,117,101,112,119,112,92,56,96,94,106,76,101,98,57,72,71,67,120,69,104,121,68,138,87,119,95,97,58,111,92,100,111,120,97,130,20,74,67,94,51,80,18,34,53,69,69,62,62,73,53,69,114,103,75,68,98,109,103,107
20150501,12,O3_24h,227,252,200,241,98,113,226,252,230,188,214,221,152,140,163,155,141,160,92,168,184,248,150,170,145,219,195,235,187,163,171,173,60,235,238,166,126,200,216,172,232,198,178,181,99,191,136,306,215,127,190,233,138,193,103,75,162,106,75,249,184,139,87,70,138,190,103,103,143,163,113,82,96,69,115,144,156,175,165,144,157,170,251,213,214,216,241,189,157,198,182,198,128,125,240,130,139,97,66,112,161,62,178,189,70,55,211,206,133,136,154,136,124,138,148,154,205,104,150,118,66,115,135,186,106,191,251,187,164,152,226,173,120,132,84,93,128,44,142,154,121,147,119,147,68,94,157,143,146,164,111,164,118,129,107,97,105,203,189,103,117,135,133,137,131,152,110,121,111,103,199,188,99,177,197,192,125,226,208,209,137,96,141,168,,87,181,129,137,96,219,119,124,194,85,103,199,119,107,222,112,119,103,153,163,192,174,199,205,140,126,168,115,136,116,101,112,164,111,109,99,160,140,202,75,51,97,141,180,91,112,249,96,65,124,113,135,144,171,119,130,209,221,145,101,177,184,192,160,160,171,173,171,146,189,173,155,161,181,199,200,190,183,147,132,112,124,178,81,70,127,125,101,137,28,70,80,101,93,75,96,90,100,143,150,154,242,223,150,77,75,120,161,88,93,130,97,133,53,136,34,90,61,118,130,110,120,83,121,107,129,125,131,116,68,125,104,114,83,104,123,134,138,170,174,120,134,104,133,91,140,123,119,172,97,61,111,116,100,120,120,97,176,26,80,67,115,59,92,19,63,80,100,131,88,85,88,110,87,114,177,114,155,147,115,127,140
20150501,12,O3_8h,61,80,39,55,42,48,94,117,115,69,90,109,52,55,58,91,61,103,62,110,104,78,105,64,76,62,62,68,69,61,70,104,31,100,105,78,61,80,95,95,94,95,107,117,55,98,51,59,99,104,76,82,37,23,39,36,27,32,21,31,57,38,31,17,61,74,66,73,85,45,43,35,46,23,34,39,70,106,116,92,80,71,65,86,110,61,96,66,89,84,86,88,94,91,81,36,117,35,34,39,87,35,15,122,7,31,134,81,75,21,36,98,102,69,59,85,109,70,82,84,49,72,41,47,64,118,91,77,50,22,52,47,24,74,30,55,65,31,72,58,50,64,60,76,29,33,91,64,45,54,37,56,76,84,49,66,95,81,83,56,97,72,75,76,112,72,70,84,71,74,76,70,34,52,82,86,45,108,81,114,110,39,54,105,,39,40,71,58,39,83,47,34,62,38,61,152,100,73,72,81,52,83,99,87,126,78,68,85,93,92,81,72,82,65,46,65,78,54,62,71,87,86,119,40,27,58,47,125,47,79,36,63,52,65,20,88,23,113,61,29,38,80,45,52,46,59,100,76,83,94,90,89,86,116,88,83,92,71,73,66,91,83,70,31,37,38,58,64,43,49,28,40,27,20,48,29,30,31,28,54,39,28,93,67,78,68,73,92,25,46,66,87,40,21,60,56,90,18,57,19,73,47,66,80,101,55,66,95,82,34,97,34,69,41,73,76,99,37,93,72,59,63,77,75,83,51,53,68,43,106,80,55,82,43,46,41,79,78,67,67,63,114,8,42,51,74,48,49,17,38,51,82,45,27,54,36,28,70,53,88,60,62,87,87,88,79
20150501,12,O3_8h_24h,210,198,173,211,83,110,201,234,217,178,190,204,134,127,149,142,116,139,70,141,154,196,140,138,125,171,162,197,163,133,153,151,52,200,200,151,112,180,192,158,181,184,167,176,82,171,115,153,193,114,169,196,116,151,81,58,125,81,56,185,145,112,71,53,116,163,85,96,135,138,71,74,84,61,97,125,128,160,137,133,139,137,214,195,201,187,204,170,110,184,168,188,120,102,187,109,131,69,56,86,139,54,153,163,60,52,195,193,124,112,134,124,114,120,130,135,168,100,140,95,52,85,117,153,99,180,201,173,154,135,190,159,100,118,66,84,106,40,128,123,111,129,96,131,59,70,142,127,134,135,96,152,104,124,91,92,100,192,165,98,104,109,123,125,112,140,97,107,102,98,166,161,86,154,169,165,110,185,186,179,130,77,105,146,,79,165,122,121,85,203,111,112,178,81,95,152,100,103,197,106,91,91,141,140,179,155,162,188,104,117,158,109,129,106,96,104,118,110,89,97,109,110,164,60,47,85,108,165,73,91,162,81,57,115,88,124,118,158,104,112,146,198,118,92,121,168,172,146,153,151,163,162,140,164,162,142,137,164,177,176,173,172,136,102,87,105,155,64,62,101,94,89,100,26,59,70,91,73,65,90,78,89,127,131,143,183,172,138,65,69,115,155,84,81,115,84,106,42,115,24,74,48,113,124,107,100,80,104,98,103,116,114,94,58,109,101,110,78,100,114,129,131,161,160,113,129,78,126,86,137,116,90,167,76,53,94,108,93,114,112,91,157,21,66,70,107,55,85,18,59,71,90,118,81,82,81,100,78,91,169,101,138,117,101,116,123
20150501,12,CO,1.325,0.584,1.327,1.428,0.898,0.679,0.865,0.761,1.349,1.216,0.595,0.932,0.885,1.459,0.718,0.765,0.476,0.666,0.517,0.623,0.9,0.737,0.482,0.946,1.464,1.331,0.696,0.933,1.469,1.176,0.869,0.483,1.528,0.852,0.657,0.89,0.497,0.817,0.728,0.581,0.473,0.755,0.693,0.62,1.077,0.803,0.734,1.16,0.684,0.614,1.841,0.945,0.892,0.784,0.76,0.627,0.563,0.736,0.512,0.507,0.635,0.631,0.86,0.377,0.605,0.543,0.521,0.601,0.517,1.405,1.236,1.116,0.702,0.749,0.808,0.828,0.526,0.417,0.493,0.524,0.853,0.929,0.985,1.46,1.252,2.024,1.359,0.699,1.41,0.708,1.263,0.728,0.461,0.375,1.222,0.841,0.932,0.828,0.647,0.898,0.629,0.682,0.681,1.025,1.279,0.474,1.528,1.042,0.997,1.77,1.435,0.634,1.149,0.967,0.687,0.677,0.666,0.762,0.509,1.075,0.715,0.952,1.023,1.056,1.167,1.803,0.991,0.935,0.909,1.081,1.457,0.966,1.134,1.203,0.819,0.751,0.686,0.442,0.448,0.569,1.479,0.39,0.284,0.664,0.541,0.728,0.773,0.967,0.738,1.515,1.003,0.547,1.155,1.197,1.027,0.886,0.713,0.507,1.063,0.605,0.406,0.437,0.363,0.394,0.693,0.476,0.397,0.238,1.007,0.491,0.819,0.839,0.518,0.883,0.943,0.728,1.08,0.611,0.542,0.484,0.541,1.086,0.917,0.827,,0.199,0.855,1.441,0.786,1.118,0.645,0.997,1.47,0.622,2.731,0.349,0.836,0.425,0.317,0.614,0.351,0.47,0.579,0.979,0.751,0.676,0.603,0.492,0.782,0.38,0.481,0.761,0.797,0.387,0.361,0.178,0.355,0.369,0.439,0.557,0.314,1.065,0.911,0.851,0.91,0.681,0.118,0.941,0.835,0.559,0.77,0.63,0.916,1.127,0.863,1.2,1.143,1.317,1.393,0.523,1.09,1.121,0.776,1.068,0.73,0.459,1.156,0.614,0.804,0.692,1.231,0.961,1.045,1.046,0.586,1.79,1.502,0.878,1.343,0.991,1.465,1.637,1.403,1.447,1.087,0.644,0.609,0.733,0.857,0.75,0.963,1.873,0.538,0.64,0.346,0.938,1.432,0.732,1.995,0.915,0.941,0.667,0.744,0.367,0.563,0.197,0.601,0.304,0.474,0.477,0.515,0.853,0.293,0.283,0.677,1.151,0.391,0.487,0.637,0.937,0.585,0.462,0.326,0.92,0.352,0.509,1.046,0.496,0.442,0.334,0.51,0.751,0.453,0.637,0.478,3.188,0.33,0.205,1.449,2.909,0.314,0.802,2.943,1.399,2.464,0.724,0.43,0.857,0.523,0.795,0.955,2.252,0.658,0.446,0.321,0.301,0.824,0.424,0.404,0.364,0.332,0.638,0.293,0.946,1.523,0.339,0.587,0.394,0.511,1.044,0.471,0.623,1.9,0.982,1.228,0.65,0.574,0.713,0.505,0.216,0.892,1.194,0.742,1.071,1.934,3.165,0.891
20150501,12,CO_24h,1.181,0.788,0.931,2.51,1.104,0.657,0.952,1.021,1.13,1.797,0.783,1.021,0.902,1.571,0.668,0.932,0.474,0.721,0.444,0.675,0.834,0.849,0.554,1.018,1.336,1.23,0.952,1.237,1.431,0.827,0.945,0.602,1.578,0.85,0.835,0.961,0.531,0.855,0.601,0.699,0.554,0.722,0.662,0.599,0.983,0.668,0.692,1.055,1.067,0.703,1.459,0.955,0.851,0.901,0.779,0.573,0.666,0.806,0.475,0.67,0.668,0.757,0.911,0.633,0.659,0.695,0.58,0.796,0.482,1.487,0.751,0.95,0.684,0.742,1.049,1,0.779,0.604,0.496,0.528,0.814,1.346,0.878,1.536,1.345,2.196,1.938,0.793,0.946,0.684,1.367,1.039,0.459,0.475,1.132,1.181,0.933,0.773,0.632,0.983,0.662,0.676,0.916,1.009,1.16,0.741,1.474,1.246,0.962,1.618,1.539,0.938,1.373,1.176,1.313,0.858,0.674,0.642,0.519,0.565,0.725,1.166,0.892,1.281,1.378,1.847,1.047,0.771,1.124,1.163,1.213,0.961,0.854,1.272,1.179,0.799,0.764,0.478,0.765,0.817,1.301,0.615,0.663,0.815,0.724,0.811,0.834,1.065,0.867,1.48,1.073,0.656,1.232,0.635,0.473,0.944,0.466,0.454,2.114,0.785,0.427,0.467,0.454,0.407,0.704,0.585,0.471,0.274,1.054,0.503,0.936,1.008,0.93,0.887,1.059,0.874,1.122,0.632,0.796,0.52,0.637,0.872,0.861,0.759,,0.303,0.725,1.199,0.687,1.606,0.649,1.256,1.596,1.009,2.75,0.391,0.634,0.362,0.339,0.504,0.474,0.465,0.621,1.157,0.866,1.006,0.953,1.155,0.917,0.598,0.38,0.774,0.869,0.548,0.786,0.234,0.41,0.628,0.34,0.58,0.381,0.859,0.81,0.666,0.948,0.686,0.146,0.929,0.754,0.443,0.71,0.577,0.655,1.07,0.85,1.22,1.146,1.07,0.993,0.591,1.1,1.061,0.694,1.188,0.69,0.926,1.088,0.698,0.83,0.59,1.193,0.828,0.809,0.952,0.624,0.943,1.497,0.904,1.335,1,1.632,1.416,1.101,1.115,0.97,0.795,0.792,0.736,1.259,0.51,1.334,1.586,0.489,0.633,0.331,0.977,1.235,0.754,2.009,0.865,1.005,0.676,0.751,0.406,0.662,0.38,0.898,0.436,0.615,0.737,0.732,0.836,0.533,0.265,0.724,1.058,0.533,0.399,0.632,1.237,0.591,0.593,0.311,0.978,0.682,0.512,1.21,0.537,0.513,0.402,0.677,0.514,0.48,0.559,0.55,3.186,0.324,0.208,1.883,2.903,0.259,0.899,2.972,1.557,2.621,0.812,0.474,1.088,0.552,0.744,0.794,2.19,0.728,0.528,0.504,0.454,1.14,0.409,0.359,0.302,0.374,0.564,0.348,0.849,1.639,0.379,0.666,0.482,0.496,1.033,0.411,0.506,1.389,0.821,1.45,0.668,0.71,0.421,0.487,0.324,0.801,1.333,0.851,1.164,2.193,3.451,1.082
20150501,13,AQI,210,91,172,192,87,90,114,97,115,122,79,97,85,82,112,73,42,90,380,64,103,83,60,83,86,117,86,83,87,82,87,59,71,117,61,61,86,99,92,59,56,96,93,76,92,97,87,85,74,56,186,76,60,28,40,25,23,22,28,31,35,27,36,30,30,39,45,40,55,44,82,117,69,66,50,53,76,61,76,53,71,86,96,137,110,104,96,137,49,99,94,72,52,49,138,34,66,39,21,49,56,34,26,81,40,23,104,63,77,77,133,127,64,50,62,71,105,69,58,204,85,64,84,126,64,90,220,177,54,99,86,83,63,40,41,29,43,17,42,30,44,32,51,45,40,65,50,32,54,61,45,28,42,61,99,53,66,113,48,56,51,40,43,42,64,52,71,44,37,37,91,65,74,83,62,99,92,104,95,114,61,143,91,85,,46,113,125,80,66,58,78,67,80,39,69,141,52,70,96,73,79,60,108,103,118,56,68,98,408,99,73,44,46,41,61,37,63,77,131,38,115,92,102,114,80,71,146,87,89,82,117,51,77,66,58,47,36,80,87,66,80,80,43,42,56,55,97,76,92,77,115,100,85,92,124,85,93,91,77,81,98,96,92,94,34,48,53,39,55,66,67,75,40,34,52,52,40,59,57,38,40,39,47,44,42,37,54,46,18,39,34,47,66,33,48,60,52,75,34,46,40,25,47,60,51,53,35,50,44,61,52,53,53,48,71,39,51,91,48,39,31,67,38,38,75,49,57,52,77,61,58,63,43,61,65,82,69,75,59,91,106,64,72,55,58,55,45,65,68,166,323,209,61,51,31,58,84,157,44,78,61,33,63,74,82,44
20150501,13,PM2.5,159,67,130,144,56,57,85,72,86,92,42,72,53,49,68,32,24,44,72,40,60,61,32,61,61,88,63,51,64,59,64,32,42,88,32,43,63,54,48,36,27,71,69,55,68,72,64,51,50,11,140,55,42,15,18,10,14,11,11,19,20,16,18,13,13,16,23,15,32,24,60,88,22,35,25,26,55,23,27,17,51,63,71,104,82,77,71,104,14,71,70,40,10,9,105,19,41,16,14,34,39,10,15,59,10,14,56,42,56,41,101,96,30,15,21,34,44,29,17,90,62,45,57,92,39,45,169,133,19,74,63,61,31,28,23,7,26,7,14,12,18,14,24,17,23,46,26,17,31,43,19,19,15,15,47,22,14,84,29,16,6,18,14,16,21,24,13,15,7,12,67,46,53,57,38,41,68,54,54,64,28,109,67,62,,32,73,94,58,39,35,34,48,27,24,18,95,32,25,71,36,15,20,50,38,47,35,40,61,70,55,27,19,12,20,10,17,26,45,28,7,86,68,56,85,58,51,111,52,66,60,88,27,56,47,40,32,25,58,64,47,43,55,27,29,39,38,72,55,68,46,86,73,49,68,93,62,69,67,56,59,73,71,68,70,15,33,31,27,34,37,32,54,21,13,16,33,25,34,35,21,25,27,9,14,22,15,28,7,12,10,4,13,19,7,24,42,29,49,16,7,14,1,24,34,8,23,10,14,27,21,30,29,21,12,31,9,30,32,14,5,14,37,11,13,22,15,18,12,32,25,23,35,16,30,28,60,49,54,36,67,67,40,48,32,22,28,16,14,18,92,117,158,43,11,8,15,50,70,13,57,36,21,44,34,17,13
20150501,13,PM2.5_24h,145,96,97,155,82,67,110,81,96,150,84,86,77,77,53,47,35,48,38,50,64,73,49,49,67,86,73,63,62,64,61,36,53,84,57,71,64,59,57,59,41,62,55,63,51,56,53,51,94,18,80,60,48,25,22,12,20,16,14,27,26,23,19,11,25,38,25,22,29,47,46,47,59,36,41,39,89,47,33,37,47,96,73,114,94,96,98,95,28,52,77,59,30,26,73,31,51,10,13,53,42,11,34,71,21,18,69,71,49,47,87,80,41,28,46,52,55,17,42,38,49,50,53,77,62,56,127,85,60,77,69,72,50,55,51,12,28,8,36,54,23,32,69,35,48,52,26,47,55,56,42,52,18,22,83,22,35,64,57,27,16,33,20,26,22,37,26,27,17,14,74,55,58,76,51,64,83,53,65,65,37,79,91,48,,58,69,63,47,54,50,56,71,92,33,68,87,25,86,72,25,81,47,52,48,59,56,52,68,29,45,38,26,33,31,12,29,41,27,28,11,60,58,52,63,52,36,104,44,46,48,47,25,54,54,40,49,37,61,60,51,59,49,50,54,61,70,77,53,70,70,67,63,46,85,62,63,67,76,64,65,65,66,59,79,24,39,36,46,41,78,52,62,24,15,17,21,23,35,40,26,27,24,14,37,66,49,55,22,45,41,22,38,19,25,29,50,25,44,37,12,25,6,33,38,11,26,18,15,24,23,35,29,19,13,20,19,46,56,43,5,30,54,45,41,34,34,50,22,61,36,45,44,41,42,24,77,32,61,39,64,49,40,102,56,48,35,28,14,19,113,198,161,24,16,10,20,28,112,18,54,52,47,49,43,32,45
20150501,13,PM10,154,88,206,195,121,128,134,84,159,127,105,140,117,111,171,94,41,128,483,52,101,73,45,92,120,142,94,107,117,111,105,58,90,131,50,68,92,78,74,58,35,94,85,75,101,84,97,118,95,27,241,88,67,27,39,24,22,21,27,30,34,26,35,29,21,31,44,31,58,43,79,166,86,79,49,54,88,56,50,51,66,103,129,151,117,107,130,179,37,145,127,81,21,43,195,33,56,38,20,43,50,33,25,62,39,22,113,74,97,101,180,159,75,49,72,90,113,86,63,352,77,69,115,200,76,95,251,186,56,89,102,106,74,28,40,27,42,15,41,18,43,31,50,44,39,57,42,28,55,63,44,25,41,69,146,53,80,154,47,60,7,39,32,36,53,51,89,31,20,17,85,67,75,113,71,64,112,84,79,107,47,193,109,96,,39,173,131,83,79,64,103,69,108,38,86,230,51,88,114,94,105,68,163,153,184,59,83,143,507,146,93,43,45,40,69,35,73,101,209,28,127,91,95,137,94,66,169,76,98,97,40,50,81,64,45,36,30,95,105,64,107,107,42,39,57,58,119,75,105,102,131,148,117,120,184,85,105,106,96,102,114,123,117,84,33,45,54,34,57,80,82,78,39,33,51,52,39,65,61,37,39,32,44,43,41,27,55,21,11,38,11,46,79,32,38,65,51,97,25,45,23,16,46,68,23,54,27,44,39,70,29,54,53,47,90,35,24,129,19,18,29,82,8,13,97,48,61,51,102,37,63,73,35,70,78,95,70,86,65,102,159,70,92,58,63,58,44,77,84,280,437,313,69,50,30,64,115,262,43,88,70,28,63,95,112,24
20150501,13,PM10_24h,177,122,157,205,128,130,157,186,167,211,166,151,152,156,190,96,62,126,119,82,102,97,68,88,101,136,109,120,113,93,92,63,95,125,88,109,91,81,77,85,58,92,73,84,103,83,83,119,171,38,155,134,77,45,47,27,37,25,28,42,49,41,46,26,47,67,46,48,55,137,88,113,277,118,68,62,190,131,55,56,70,142,140,181,140,145,174,168,50,115,130,107,49,47,137,50,69,23,21,70,59,22,77,68,33,33,118,166,98,94,187,142,92,65,108,79,132,51,107,92,67,71,102,149,99,108,205,139,138,119,114,125,82,81,79,31,47,17,54,84,52,53,96,66,82,81,38,109,131,153,120,149,60,52,327,69,111,143,90,66,23,53,36,47,42,63,82,41,29,31,101,74,81,114,77,95,113,72,93,102,56,134,138,79,,94,145,110,70,104,103,132,126,167,72,271,185,68,263,167,69,251,196,121,109,115,92,103,124,117,105,89,75,91,73,32,55,109,62,110,35,94,84,85,117,80,52,121,73,62,88,64,37,73,71,71,79,55,83,125,84,114,114,67,84,103,116,119,95,115,123,103,119,119,126,116,96,107,125,121,114,90,114,102,105,46,61,88,60,52,121,90,92,47,27,37,40,37,76,93,38,48,41,40,81,88,74,77,57,72,77,40,70,37,42,45,74,45,94,58,33,36,21,56,82,26,45,37,38,37,72,45,61,55,33,31,30,61,180,41,17,51,136,86,88,133,64,79,73,204,53,144,110,87,93,49,136,50,105,76,139,143,87,293,167,197,78,91,60,85,339,704,598,80,38,31,78,78,473,38,115,85,56,63,95,114,76
20150501,13,SO2,13,11,48,41,19,23,32,22,55,18,32,31,28,12,20,16,8,11,12,9,20,12,14,21,20,34,14,21,23,35,17,8,16,39,12,12,22,27,15,7,5,14,23,5,19,4,14,17,23,12,66,13,19,8,6,3,7,7,5,5,5,6,8,2,5,6,17,13,6,11,7,20,7,10,11,13,15,6,12,11,7,48,16,82,27,68,25,30,5,24,37,20,8,3,61,14,8,5,3,4,8,2,17,13,6,6,27,10,24,8,51,14,21,18,9,31,16,12,80,16,48,16,46,27,18,24,25,57,19,9,26,21,13,8,8,5,9,3,10,10,56,6,7,6,4,5,15,6,5,7,7,8,34,47,90,15,3,29,31,13,4,11,8,11,7,11,6,6,13,8,14,19,11,35,18,21,31,17,11,29,13,19,9,12,,9,16,37,7,16,18,14,16,20,49,14,16,40,4,13,3,4,3,40,19,12,11,6,4,4,8,10,16,9,11,3,10,13,5,9,24,24,7,25,33,20,6,19,12,15,9,34,28,25,2,7,16,7,7,11,39,14,32,7,8,17,17,55,42,43,23,66,59,18,20,58,22,18,20,19,12,28,17,22,1,8,13,21,4,22,10,43,5,8,2,8,12,20,25,11,8,7,4,12,3,4,6,25,7,3,11,9,22,8,18,27,11,33,56,11,11,5,20,8,21,16,23,13,8,4,14,10,19,9,19,5,6,13,38,8,4,7,10,13,7,7,8,3,13,4,2,13,4,10,4,8,11,6,14,22,24,2,64,2,3,9,6,5,12,16,11,24,127,7,14,4,17,29,1,9,7,16,3,14,24,22,11
20150501,13,SO2_24h,17,19,52,88,25,18,32,40,40,32,36,28,29,25,14,26,10,10,11,11,19,17,16,23,18,43,22,35,34,26,18,8,15,30,18,18,25,29,15,8,5,31,28,7,17,5,14,24,31,13,22,22,20,10,9,4,10,8,9,9,6,18,8,3,9,9,9,23,7,15,6,12,10,12,22,16,19,6,13,10,8,54,19,59,35,75,59,39,11,24,70,37,12,8,58,17,8,5,4,5,8,2,21,13,7,14,29,21,25,28,46,23,19,22,27,58,17,13,37,10,32,21,55,38,17,23,38,55,40,11,25,30,14,8,22,4,10,3,11,19,30,9,19,9,6,8,12,11,11,8,9,16,12,23,58,6,4,40,59,19,5,13,8,11,10,21,13,8,14,8,16,20,15,29,23,22,35,20,19,28,15,14,23,22,,20,18,19,7,16,31,41,36,42,72,15,21,46,5,18,5,4,2,46,20,17,13,16,5,6,4,11,20,10,16,3,9,12,15,7,27,23,7,23,45,42,5,21,17,19,8,43,30,30,2,12,21,7,5,13,23,37,42,17,19,25,28,81,33,31,22,16,39,18,19,29,22,24,33,28,17,20,22,29,10,13,41,24,8,44,20,35,4,13,2,10,18,43,25,18,7,20,9,13,9,15,20,10,18,4,12,11,23,6,16,21,15,27,50,17,10,6,5,10,59,15,11,19,8,4,13,8,13,9,11,6,5,10,40,11,3,7,11,17,35,9,7,6,18,7,8,8,6,11,9,10,15,5,7,16,25,3,11,5,4,4,6,4,13,16,9,18,137,7,14,4,9,12,3,11,8,26,6,14,22,20,19
20150501,13,NO2,45,9,36,28,19,19,23,18,20,12,24,12,32,16,21,23,24,17,24,17,24,29,10,14,15,31,20,23,33,23,16,10,19,34,19,24,28,19,26,9,11,24,14,10,22,48,44,35,14,12,70,36,16,20,19,7,9,6,5,9,11,11,11,6,13,19,15,9,9,22,20,24,10,23,15,7,14,7,11,6,16,14,13,25,14,25,22,14,21,13,16,12,17,8,18,16,8,10,5,5,5,5,28,6,9,7,21,9,12,26,31,13,18,18,7,25,15,22,10,20,18,15,38,29,12,23,34,43,30,28,39,8,14,10,8,5,9,5,17,13,23,7,9,9,7,16,7,23,14,14,20,27,8,20,16,12,16,20,11,12,12,27,10,18,27,6,11,8,12,5,22,21,40,43,25,18,26,10,25,25,9,14,7,20,,12,30,27,39,18,19,9,18,21,6,7,16,16,11,23,11,6,4,20,20,20,6,12,6,12,17,16,11,8,12,6,13,12,19,13,12,14,13,16,27,21,5,19,33,11,12,8,26,15,22,20,11,15,24,14,7,11,30,11,4,10,15,20,20,25,63,24,30,21,15,38,35,34,47,36,23,55,25,19,6,9,3,9,4,33,6,28,3,10,2,7,11,7,7,9,5,14,4,11,7,10,12,14,7,16,27,15,9,5,16,18,14,8,9,14,7,6,3,2,12,7,4,7,3,7,14,17,12,1,11,24,5,13,15,1,2,9,10,5,14,13,13,3,6,15,13,12,7,14,50,9,17,14,9,4,15,8,43,7,3,5,5,3,24,9,13,5,10,15,10,6,6,27,4,5,13,21,9,11,18,8,9
20150501,13,NO2_24h,49,26,40,59,35,26,35,19,32,29,38,21,48,21,18,39,37,38,41,28,47,48,14,23,29,32,42,48,42,23,20,16,26,41,37,44,44,36,30,25,17,50,33,17,28,26,42,36,34,17,48,46,29,33,29,12,20,8,10,26,16,21,26,10,22,29,25,22,14,21,35,29,19,43,30,18,22,12,24,11,13,33,33,34,23,49,54,23,33,22,31,30,39,33,33,25,11,12,6,18,7,5,39,9,21,19,26,13,18,26,55,13,30,38,48,32,37,18,12,24,26,28,34,36,21,31,34,38,25,32,31,27,15,11,27,11,18,9,21,22,34,14,16,13,11,26,13,19,17,22,22,24,13,22,14,19,15,37,35,21,9,50,13,25,41,15,22,20,18,6,31,37,48,40,31,36,43,13,48,40,10,22,33,46,,34,36,30,32,21,17,18,13,26,7,14,15,26,14,21,14,7,6,20,30,36,32,42,25,17,20,30,20,13,23,12,22,18,21,18,17,26,18,22,53,21,9,52,43,20,16,16,26,17,18,30,15,26,20,23,14,22,23,19,13,17,21,31,38,25,42,27,25,21,22,24,27,46,33,32,29,30,15,18,11,26,13,16,20,30,19,29,8,20,3,12,16,13,12,11,10,23,18,14,16,13,25,14,15,29,20,20,12,5,32,21,40,9,11,23,9,19,4,6,28,7,13,12,9,10,27,17,26,4,13,13,10,12,29,3,3,13,15,9,12,19,16,15,13,33,23,14,15,12,55,15,34,14,11,16,19,16,23,10,10,11,15,6,32,9,13,11,19,16,16,8,18,18,10,15,21,28,16,11,32,11,21
20150501,13,O3,87,170,90,217,70,131,151,79,205,155,177,195,136,49,69,148,114,170,98,141,203,180,139,129,147,180,161,185,184,121,135,138,58,215,143,149,114,198,192,163,149,165,184,136,93,91,63,65,161,114,71,89,83,60,46,43,58,47,35,74,64,57,72,41,57,108,117,106,130,42,106,79,101,64,76,87,103,144,171,149,95,110,157,161,196,146,172,149,138,170,187,176,125,122,192,48,130,70,47,65,103,48,46,159,25,54,205,90,99,17,70,77,126,124,123,124,207,72,147,120,64,120,59,26,108,191,70,105,40,39,59,92,19,70,75,63,101,40,99,61,120,68,79,104,31,105,135,61,37,73,47,49,125,121,122,88,104,168,137,94,113,104,120,109,117,129,96,108,79,82,160,159,69,99,154,198,119,205,195,225,118,107,165,176,,75,94,128,55,63,80,51,25,57,43,115,200,111,114,77,105,59,108,129,133,172,126,151,180,133,120,131,100,125,103,95,101,92,75,134,74,157,145,202,65,41,97,65,188,81,84,31,73,40,74,59,94,61,132,93,62,63,80,62,71,58,79,141,144,111,159,153,137,106,189,110,81,81,61,59,107,82,66,99,69,88,74,110,82,64,107,60,69,64,22,53,65,81,75,39,86,75,106,94,65,95,86,85,93,41,46,66,107,75,53,151,82,144,52,86,31,98,65,114,128,103,125,81,117,103,110,124,132,98,56,110,98,106,80,114,109,65,80,72,65,97,76,107,140,87,142,94,130,108,113,67,121,108,107,123,128,105,113,20,79,74,104,55,83,18,43,57,97,85,87,71,89,81,73,116,108,84,77,121,119,101,111
20150501,13,O3_24h,227,252,200,241,98,138,226,252,230,188,214,221,152,140,162,155,139,172,100,168,204,248,148,160,148,219,195,235,188,163,171,171,60,237,238,166,126,200,216,171,232,198,184,180,108,191,141,293,215,126,187,233,138,188,101,68,162,106,75,249,183,139,85,70,138,190,117,106,143,163,116,82,101,69,112,144,141,174,171,149,156,139,251,213,214,216,239,189,163,197,187,198,128,125,230,125,139,97,66,105,161,52,178,189,70,55,211,198,133,136,154,136,128,137,148,151,207,103,147,120,67,121,135,186,109,193,251,187,164,152,226,173,118,119,83,93,129,44,142,154,124,147,120,147,66,105,157,143,146,160,111,164,125,129,127,97,106,203,189,103,119,127,133,137,131,152,110,121,111,103,199,188,99,177,197,198,125,226,208,225,137,107,141,176,,87,181,130,137,96,219,117,124,194,85,115,200,119,114,222,112,119,108,145,164,192,174,183,205,144,126,168,115,136,109,101,113,164,110,134,99,168,145,203,76,53,98,141,188,94,114,249,95,65,124,113,138,157,170,118,130,209,221,145,101,177,184,192,160,160,171,173,171,146,192,172,155,161,181,199,200,190,183,144,119,110,108,174,84,70,133,117,101,132,28,68,81,101,93,75,95,90,106,143,150,154,242,223,149,75,75,120,161,88,93,151,97,144,54,136,34,98,65,118,131,110,125,84,121,107,129,126,133,116,68,125,104,113,83,114,123,134,136,168,173,97,134,107,140,87,142,116,130,172,113,67,121,116,107,123,128,105,176,26,85,74,115,59,92,19,63,80,107,131,88,85,89,110,87,116,177,111,155,147,120,117,129
20150501,13,O3_8h,66,98,46,82,48,60,102,99,129,85,105,123,66,52,58,105,71,119,69,115,119,95,110,75,90,83,80,90,89,73,80,109,35,120,111,90,70,100,113,109,106,107,121,120,61,92,52,57,111,106,75,81,45,28,40,37,32,34,23,38,57,41,40,21,58,77,74,79,90,44,54,43,55,30,41,47,74,112,129,102,82,78,82,98,126,76,112,79,96,98,104,104,101,96,100,32,118,40,35,44,89,37,20,128,10,35,146,82,80,18,43,94,107,82,73,89,129,70,95,91,52,80,44,45,71,131,91,75,46,25,51,56,23,73,38,57,71,33,73,59,61,63,64,80,30,43,98,63,44,55,37,53,83,91,59,69,95,94,93,63,100,79,84,83,115,81,76,87,72,73,91,87,41,61,98,104,56,124,99,133,111,50,59,118,,45,49,80,58,44,83,46,32,59,39,70,161,98,78,72,83,50,87,99,98,134,92,85,102,102,98,92,78,91,74,54,73,84,55,70,74,99,97,132,45,29,66,52,137,53,79,35,65,50,66,24,92,23,113,67,34,41,80,50,56,49,62,108,87,88,105,97,96,87,130,90,80,91,70,71,71,92,78,75,36,46,43,65,71,47,59,36,41,33,19,48,33,37,38,29,58,45,42,93,67,81,72,76,91,29,46,66,88,46,26,73,60,98,23,66,21,79,49,71,87,100,66,68,99,86,47,101,49,74,43,79,77,100,44,95,76,60,63,74,74,58,54,61,78,48,112,81,64,85,53,49,55,82,82,76,77,68,115,10,47,54,79,49,56,17,39,53,83,49,36,56,42,31,69,64,89,63,65,92,94,87,86
20150501,13,O3_8h_24h,210,198,173,211,83,110,201,234,217,178,190,204,134,127,149,142,116,143,71,141,154,196,140,138,125,171,162,197,163,133,153,151,52,200,200,151,112,180,192,158,181,184,167,174,82,171,117,154,193,115,169,196,116,147,81,58,125,81,56,185,145,112,68,53,116,163,85,96,135,138,73,74,84,61,97,125,128,160,137,133,139,137,214,195,201,187,204,170,112,184,168,188,120,102,187,105,131,69,56,86,139,54,153,163,60,52,195,193,124,112,134,124,114,120,130,135,168,100,140,95,53,85,117,153,99,180,201,173,154,135,190,159,100,118,66,84,106,40,128,123,111,129,99,129,59,70,142,127,134,135,96,152,104,124,91,92,100,192,165,98,105,109,123,125,115,140,97,107,102,98,166,161,86,154,169,165,110,185,186,179,130,77,105,146,,79,165,122,121,85,203,111,112,178,81,95,161,100,103,197,106,91,91,133,140,179,155,162,188,104,117,158,109,129,106,96,104,118,110,89,97,110,110,164,60,46,87,108,165,69,91,162,81,57,115,88,128,122,158,104,112,146,198,118,92,121,168,172,146,153,151,163,162,140,164,162,142,137,164,177,176,173,172,136,102,87,105,155,71,62,101,94,89,100,26,59,70,91,73,65,89,78,89,127,131,143,183,172,136,65,69,114,155,84,81,115,86,106,42,115,25,79,49,113,124,107,100,80,104,99,103,116,114,96,58,109,101,110,78,100,114,129,131,161,160,77,128,78,126,81,137,115,90,167,76,53,94,108,93,114,112,91,157,21,66,66,107,55,85,18,59,71,90,118,81,82,81,100,78,91,169,101,138,117,103,105,123
20150501,13,CO,1.092,0.561,1.04,1.141,0.855,0.632,0.945,0.837,1.5,1.096,0.492,0.932,0.746,1.376,0.715,0.683,0.384,0.663,0.666,0.602,0.839,0.719,0.483,0.854,1.416,1.182,0.639,0.862,1.36,1.129,0.87,0.494,1.463,0.866,0.65,0.764,0.523,0.808,0.652,0.54,0.457,0.734,0.691,0.613,0.997,0.823,0.786,1.143,0.666,0.659,1.994,0.922,0.823,0.742,0.749,0.62,0.548,0.721,0.499,0.493,0.603,0.575,0.832,0.374,0.581,0.529,0.503,0.586,0.356,1.43,0.693,1.272,0.753,0.585,0.715,0.684,0.595,0.359,0.486,0.503,0.9,0.919,0.884,1.346,1.193,1.907,1.255,0.699,1.506,0.64,1.12,0.693,0.465,0.371,1.2,0.817,0.855,0.82,0.635,0.782,0.629,0.697,0.697,0.968,1.115,0.491,1.481,1.052,0.903,1.616,1.301,0.558,1.265,0.939,0.57,0.652,0.602,0.652,0.523,1.073,0.593,0.936,0.92,1.065,1.151,1.796,1.01,0.971,0.903,1.05,1.145,0.851,0.871,1.163,0.797,0.725,0.671,0.441,0.493,0.55,1.496,0.345,0.252,0.656,0.541,0.754,0.746,0.96,0.736,1.359,0.996,0.529,1.157,1.01,0.626,0.896,0.693,0.453,0.996,0.669,0.403,0.426,0.462,0.369,0.751,0.47,0.359,0.228,0.999,0.476,0.808,0.821,0.428,1.493,0.935,0.657,0.885,0.626,0.519,0.463,0.526,1.045,0.82,0.824,,0.155,0.729,1.438,0.77,1.108,0.676,0.853,1.43,0.564,2.649,0.288,0.834,0.315,0.303,0.564,0.329,0.469,0.562,0.893,0.695,0.582,0.605,0.406,0.649,0.409,0.45,0.688,0.756,0.334,0.345,0.17,0.305,0.372,0.36,0.497,0.304,1.038,0.838,0.816,0.759,0.652,0.114,0.904,0.793,0.528,0.741,0.592,0.824,1.076,0.877,1.267,1.147,1.484,1.456,0.54,0.929,0.948,0.944,1.028,0.655,1.285,1.5,0.742,0.764,0.684,1.142,0.996,0.972,1.022,0.514,1.748,1.715,0.674,1.499,1.049,1.349,1.893,1.341,1.499,0.989,0.627,0.556,0.659,0.845,0.699,0.905,1.942,0.395,0.625,0.321,0.937,1.213,0.699,1.928,0.917,0.915,0.604,0.727,0.358,0.59,0.195,0.489,0.301,0.506,0.439,0.411,0.795,0.238,0.265,0.622,1.052,0.351,0.488,0.462,0.947,0.612,0.448,0.29,0.916,0.381,0.547,1.012,0.458,0.407,0.676,0.536,0.764,0.423,0.632,0.468,3.182,0.303,0.23,1.426,2.878,0.298,0.751,2.888,1.314,2.49,0.77,0.412,0.82,0.469,0.539,0.712,2.222,0.62,0.525,0.168,0.248,0.674,0.401,0.35,0.354,0.334,0.545,0.529,0.885,1.509,0.3,0.579,0.356,0.407,1.103,0.441,0.628,0.943,0.824,1.095,0.681,0.444,0.549,0.535,0.181,0.834,1.214,0.696,1.141,2.118,2.874,0.869
20150501,13,CO_24h,1.18,0.781,0.886,2.513,1.082,0.653,0.898,1.004,1.117,1.786,0.778,1.019,0.889,1.566,0.658,0.924,0.461,0.692,0.454,0.663,0.848,0.838,0.551,0.998,1.343,1.247,0.944,1.237,1.455,0.853,0.944,0.586,1.582,0.861,0.834,0.954,0.539,0.854,0.607,0.702,0.55,0.725,0.661,0.599,0.995,0.671,0.679,1.095,1.053,0.704,1.478,0.957,0.852,0.858,0.773,0.571,0.661,0.798,0.472,0.654,0.659,0.744,0.895,0.625,0.655,0.679,0.579,0.793,0.472,1.476,0.764,0.962,0.683,0.742,1.04,0.997,0.765,0.563,0.495,0.524,0.815,1.224,0.863,1.532,1.345,2.17,1.923,0.786,0.981,0.681,1.369,1.029,0.46,0.473,1.135,1.118,0.931,0.773,0.633,0.976,0.657,0.676,0.91,1.009,1.161,0.74,1.472,1.246,0.965,1.611,1.551,0.938,1.376,1.174,1.287,0.779,0.658,0.653,0.524,0.59,0.731,1.175,0.895,1.274,1.369,1.852,1.047,0.779,1.111,1.167,1.213,0.961,0.853,1.271,1.166,0.802,0.741,0.478,0.743,0.803,1.31,0.598,0.641,0.798,0.717,0.814,0.827,1.041,0.856,1.471,1.054,0.646,1.234,0.659,0.492,0.935,0.481,0.448,2.097,0.798,0.427,0.468,0.462,0.407,0.705,0.587,0.465,0.273,1.054,0.501,0.926,0.992,0.874,0.931,1.059,0.884,1.132,0.641,0.792,0.507,0.631,0.892,0.873,0.768,,0.3,0.733,1.214,0.688,1.611,0.65,1.242,1.59,0.995,2.743,0.391,0.66,0.366,0.337,0.504,0.477,0.466,0.621,1.072,0.848,0.956,0.941,1.137,0.91,0.593,0.379,0.775,0.878,0.55,0.775,0.227,0.408,0.625,0.349,0.584,0.386,0.873,0.814,0.67,0.944,0.685,0.146,0.941,0.764,0.446,0.71,0.577,0.666,1.074,0.848,1.188,1.146,1.186,1,0.598,1.1,1.082,0.7,1.16,0.683,0.938,1.11,0.699,0.828,0.588,1.192,0.838,0.824,0.954,0.621,1,1.502,0.898,1.355,0.998,1.639,1.44,1.117,1.127,0.979,0.795,0.779,0.732,1.254,0.521,1.318,1.584,0.479,0.632,0.332,0.977,1.243,0.755,2,0.863,1.003,0.676,0.754,0.397,0.655,0.373,0.856,0.426,0.62,0.732,0.722,0.836,0.52,0.265,0.726,1.061,0.531,0.405,0.627,1.239,0.595,0.582,0.314,0.978,0.682,0.513,1.197,0.536,0.506,0.39,0.677,0.52,0.479,0.577,0.541,3.184,0.324,0.209,1.854,2.904,0.261,0.892,2.957,1.547,2.612,0.91,0.462,1.083,0.545,0.728,0.791,2.178,0.736,0.526,0.496,0.439,1.137,0.41,0.349,0.307,0.376,0.56,0.357,0.861,1.637,0.376,0.661,0.477,0.498,1.04,0.411,0.514,1.391,0.82,1.427,0.671,0.715,0.43,0.495,0.318,0.806,1.304,0.84,1.167,2.189,3.192,1.071
20150501,14,AQI,96,89,168,147,75,83,131,74,127,116,89,104,79,78,111,69,44,97,419,69,106,83,65,67,81,108,75,97,95,80,85,63,89,119,67,58,97,107,103,70,66,88,84,72,82,86,96,76,74,58,184,74,53,36,39,20,24,22,20,26,38,27,31,25,28,41,53,44,62,44,65,122,54,64,48,45,85,66,86,62,70,81,89,126,100,99,87,126,54,94,86,88,56,54,132,41,67,40,23,58,55,21,29,79,30,21,105,48,76,79,108,125,65,52,56,76,106,69,62,216,74,60,81,94,64,102,228,181,32,89,91,77,63,37,44,29,41,19,42,31,41,35,52,45,41,63,54,36,54,63,43,26,47,55,68,57,60,97,56,52,54,43,47,45,66,47,62,45,38,38,81,70,69,94,63,104,88,112,102,121,61,130,64,78,,49,111,120,85,76,55,66,64,67,46,54,134,51,62,89,69,77,54,147,107,129,57,64,86,458,96,78,43,53,46,47,41,71,61,145,39,109,81,104,88,69,58,139,92,81,78,321,44,78,63,64,54,28,70,86,56,74,85,42,37,67,55,81,96,111,70,124,105,85,88,117,87,89,94,86,75,98,89,92,82,40,36,58,43,54,60,59,83,41,43,57,34,37,54,55,35,40,42,50,50,42,38,56,45,18,25,34,52,64,37,49,60,56,67,38,42,43,27,41,56,51,44,36,54,46,62,56,55,49,34,73,41,52,91,49,42,31,65,37,37,65,49,53,46,68,66,57,54,46,59,37,85,59,67,61,91,87,74,57,60,54,54,41,50,67,175,164,500,55,41,32,55,61,160,49,82,59,35,60,69,74,47
20150501,14,PM2.5,71,66,127,112,54,45,99,53,96,87,32,77,47,43,69,28,24,41,75,43,59,61,32,48,50,76,54,46,63,58,62,30,43,84,33,39,72,50,49,31,25,65,58,52,60,63,71,55,50,10,138,53,32,16,17,10,13,11,11,18,19,12,18,13,13,20,30,14,33,24,46,92,16,24,21,24,62,17,20,15,50,59,66,95,74,74,61,95,14,63,63,44,17,10,100,21,38,13,14,40,38,10,14,49,21,12,53,26,55,39,80,94,33,15,18,40,42,30,16,101,53,42,57,70,40,44,177,136,21,66,67,56,35,14,23,7,21,7,17,13,16,13,21,8,25,44,24,17,30,44,20,17,16,12,29,18,29,69,35,19,4,20,18,17,23,17,10,14,7,10,59,42,49,61,37,39,65,46,53,63,35,98,44,57,,31,83,90,62,52,36,26,45,24,25,13,99,32,19,62,34,13,18,53,29,42,33,31,56,69,53,23,15,13,14,7,12,30,36,27,12,81,59,52,65,49,38,106,50,59,57,270,27,57,44,45,29,19,50,63,39,38,62,29,25,38,38,59,71,83,41,93,78,55,64,88,64,66,70,63,54,73,66,68,60,13,25,33,30,37,39,28,61,18,13,12,22,25,31,33,20,24,29,9,16,18,17,30,8,12,8,3,15,19,10,17,36,30,33,7,10,13,2,26,34,7,20,10,8,26,19,28,26,20,12,23,14,30,29,12,4,14,36,11,9,20,14,17,12,24,24,18,24,12,21,19,62,36,46,40,67,52,38,36,21,18,26,16,12,12,91,87,187,38,6,10,15,14,91,10,60,38,21,39,27,18,11
20150501,14,PM2.5_24h,144,95,95,154,81,65,109,80,96,150,84,88,76,77,54,47,35,48,40,50,65,73,49,48,67,88,73,64,64,65,62,34,53,86,57,70,65,59,58,60,41,63,56,63,51,56,56,51,93,16,81,59,47,23,21,11,19,15,14,26,26,21,19,11,24,37,25,22,30,46,45,50,53,36,40,39,89,47,33,37,47,93,72,114,94,87,96,96,28,53,77,58,29,25,71,30,51,9,13,52,43,11,32,72,20,18,69,69,50,47,88,82,41,28,45,52,55,18,41,41,50,51,54,76,61,56,129,87,58,77,69,71,49,52,50,12,26,8,34,51,23,31,66,31,48,52,25,45,55,56,40,50,19,21,75,22,35,63,57,26,15,33,19,25,22,37,24,26,17,14,74,55,57,76,50,65,83,54,66,65,37,82,92,49,,58,71,64,48,55,49,55,72,88,33,61,89,25,76,73,25,80,41,52,47,58,55,52,68,31,45,38,26,33,30,12,28,41,28,28,11,61,59,52,63,52,36,107,45,47,49,65,25,55,53,40,49,37,61,61,50,59,49,48,52,60,68,76,53,71,69,68,64,46,85,63,63,67,76,65,65,66,67,60,78,22,38,35,45,41,76,49,61,24,14,17,21,24,34,39,26,26,24,13,36,64,44,54,22,44,39,21,37,19,24,29,49,25,44,37,12,24,6,33,39,10,24,18,15,24,23,35,29,18,13,21,18,48,56,42,6,29,54,43,40,32,33,47,22,58,36,43,43,39,41,24,78,33,60,40,65,49,40,90,53,44,34,27,14,19,110,177,157,25,16,10,20,28,110,18,55,51,45,49,43,32,43
20150501,14,PM10,98,82,199,158,87,114,147,68,167,119,92,136,106,103,170,85,43,141,518,57,93,64,50,74,109,129,87,94,119,97,110,60,126,127,52,63,102,80,78,53,33,95,68,73,86,85,101,100,96,30,196,64,54,35,38,17,23,21,19,24,37,26,30,24,21,38,54,27,72,43,56,150,56,75,47,44,69,44,42,49,62,108,112,151,97,109,121,166,32,136,101,75,30,27,187,40,56,39,22,,52,16,28,65,3,17,101,47,98,105,125,166,77,52,59,100,108,86,71,360,87,64,109,135,76,91,244,167,31,93,97,98,73,31,43,28,40,17,41,22,38,34,51,44,40,63,42,35,56,67,42,25,42,58,83,62,67,142,38,51,6,34,41,41,50,34,71,32,14,25,77,68,74,136,74,76,110,76,80,106,53,188,76,90,,48,165,125,73,100,58,79,55,81,45,55,215,49,72,126,85,101,56,241,161,206,61,75,119,557,140,104,34,46,45,46,28,90,69,237,26,116,79,95,105,83,63,146,73,78,103,,43,72,56,63,55,23,82,101,56,95,103,41,36,82,53,94,71,124,88,138,158,117,111,165,111,103,112,106,96,125,115,112,70,39,30,64,42,51,67,65,80,40,42,61,33,36,55,58,34,39,29,49,49,38,32,59,22,11,24,9,51,76,36,28,68,56,82,12,41,22,18,40,59,23,43,20,35,32,72,,58,48,33,93,34,31,129,13,19,29,78,7,13,78,48,53,41,84,32,62,55,36,65,36,87,66,81,69,80,121,96,62,67,56,55,40,49,81,298,275,642,55,40,31,58,69,268,48,86,65,34,68,86,95,22
20150501,14,PM10_24h,176,121,156,204,127,128,155,181,166,211,166,151,149,155,188,97,62,128,136,81,104,96,67,86,102,139,109,121,116,95,94,61,98,127,88,108,93,82,79,86,57,92,74,84,103,85,85,120,168,36,157,131,76,43,46,26,35,24,27,39,47,39,46,25,46,64,47,47,56,135,79,117,242,115,66,60,188,128,54,55,69,140,137,180,139,142,172,170,49,117,129,105,47,45,137,48,68,23,21,71,59,22,75,69,32,33,118,162,98,98,186,145,92,65,106,84,132,53,106,105,68,72,103,148,98,108,205,141,133,117,113,123,80,77,78,31,45,18,51,79,52,52,91,61,81,81,38,107,132,152,115,145,62,53,263,69,110,142,91,66,20,52,36,47,42,62,81,40,28,31,101,75,81,115,77,98,115,74,94,103,55,139,140,81,,93,148,112,70,105,101,128,126,164,71,237,185,69,255,167,70,250,161,126,110,119,92,103,124,136,107,91,73,89,70,33,52,105,62,124,35,96,85,85,117,81,53,125,73,61,89,85,37,74,70,71,79,53,83,125,83,114,113,64,80,101,113,118,94,115,121,106,121,118,126,119,96,106,125,121,115,92,114,103,103,44,57,86,58,51,118,85,89,45,28,38,40,37,72,80,38,47,40,37,80,86,66,75,55,71,74,39,68,38,41,45,74,45,93,56,34,35,21,55,83,26,44,36,38,38,72,45,61,53,33,32,30,62,183,39,17,49,135,85,87,117,63,79,72,197,53,141,102,84,88,47,136,52,104,77,141,144,87,277,154,171,77,90,59,84,334,682,577,80,39,31,77,77,463,39,115,85,55,63,96,115,74
20150501,14,SO2,3,11,45,38,19,23,37,23,31,15,32,30,27,10,17,13,9,12,14,10,18,10,14,18,21,34,13,20,28,33,17,7,13,35,18,11,24,23,18,6,4,11,20,6,19,6,13,10,22,12,49,12,16,7,6,2,6,7,5,5,5,6,8,2,5,5,18,12,6,10,5,20,8,10,11,11,16,7,10,11,6,37,15,72,26,49,25,28,5,20,37,19,8,3,46,12,7,5,3,4,8,2,16,10,6,5,24,10,17,8,27,9,22,17,9,38,18,14,9,18,26,14,33,22,21,22,16,39,18,9,24,19,16,7,7,7,9,3,10,8,65,7,9,8,3,5,12,6,5,7,6,8,25,39,60,15,3,30,37,11,4,11,8,11,8,11,5,6,13,7,13,16,11,35,23,20,27,15,11,31,13,20,8,12,,7,9,36,11,19,14,17,15,21,48,16,11,42,3,12,3,4,2,39,15,12,7,7,4,6,5,9,16,9,7,4,9,31,4,8,20,20,5,23,22,16,5,16,12,12,6,23,30,24,2,8,16,7,5,10,27,9,57,6,7,15,10,87,40,31,26,44,54,17,18,36,13,12,13,17,7,22,14,22,2,6,10,20,4,16,8,42,3,8,3,7,12,16,22,9,6,5,4,17,3,3,3,17,9,3,10,9,28,8,13,18,11,35,31,10,9,5,8,7,22,18,29,16,12,3,13,9,20,8,20,5,5,12,45,8,3,6,10,15,8,6,8,3,12,1,1,10,3,8,1,8,5,5,15,23,24,2,16,2,4,6,5,1,13,16,12,17,96,5,12,4,16,13,3,10,6,22,3,15,23,22,10
20150501,14,SO2_24h,17,19,50,88,25,19,31,39,40,32,37,28,29,25,14,26,10,10,11,11,20,16,16,23,18,43,21,34,34,27,17,8,15,31,17,17,24,29,15,8,5,31,27,7,17,5,13,23,31,12,24,22,20,9,9,4,10,8,9,9,6,17,8,3,8,8,10,22,7,15,6,13,10,12,22,16,19,6,14,10,8,52,18,60,35,74,58,38,9,24,70,36,12,8,53,16,8,5,4,5,8,2,20,13,7,14,29,20,25,27,45,22,19,23,27,57,17,13,37,10,32,21,55,36,17,24,36,57,39,10,24,30,14,8,21,4,10,3,11,18,31,9,18,8,6,7,12,11,10,8,9,16,13,24,58,6,3,40,59,19,5,13,8,11,10,21,10,8,14,8,16,20,15,30,22,22,35,20,18,28,15,14,23,22,,19,18,20,7,16,31,41,35,41,73,16,21,46,4,17,5,4,2,46,20,16,13,16,5,6,4,11,20,10,16,3,9,13,15,7,27,23,7,22,45,42,5,21,17,19,8,36,31,30,2,12,21,6,5,13,23,36,41,16,18,24,28,84,33,32,22,18,40,18,19,30,22,24,33,27,17,20,22,30,10,9,41,24,8,42,19,35,3,13,3,10,18,43,25,17,7,20,9,12,8,14,18,10,18,4,12,11,23,6,16,21,15,28,50,17,10,6,5,10,59,16,12,19,8,4,13,8,13,9,12,6,5,10,39,11,3,7,11,18,35,9,7,6,18,6,8,8,6,11,9,10,15,5,8,16,25,3,11,5,4,4,6,4,13,16,9,18,140,7,14,4,9,11,3,11,8,25,6,14,22,21,18
20150501,14,NO2,17,9,34,28,20,19,29,18,19,12,22,12,34,15,19,21,22,17,24,17,23,27,11,12,15,30,19,20,29,21,14,11,18,31,18,26,33,19,31,10,11,27,12,10,20,47,28,28,14,15,50,29,15,21,17,8,10,5,5,8,10,12,11,5,15,17,15,10,8,20,19,23,9,20,15,7,14,8,10,6,15,13,12,21,13,21,22,13,25,11,14,13,15,8,16,19,7,10,4,6,4,4,23,6,3,7,21,12,14,22,23,11,19,19,8,24,16,17,9,20,21,12,32,26,12,22,43,45,26,26,30,4,13,8,8,4,9,6,13,10,20,10,8,9,7,15,6,22,14,15,17,28,6,21,11,9,12,22,10,9,11,30,11,19,51,6,11,9,11,8,22,18,37,45,24,17,29,13,24,27,10,16,11,17,,13,13,25,35,21,16,10,15,19,10,7,16,14,10,20,10,6,3,19,20,19,5,9,5,14,20,13,11,9,12,8,14,6,16,10,11,13,12,16,22,14,5,17,31,10,9,10,26,13,20,21,10,12,23,14,7,21,24,7,4,7,11,21,20,31,39,25,25,19,14,23,40,26,44,30,21,64,16,20,5,12,2,9,5,33,5,25,3,8,2,7,8,7,7,7,4,13,5,9,7,6,12,8,9,14,28,10,8,4,19,13,15,8,5,12,6,6,3,3,10,7,4,8,3,10,8,16,10,2,10,4,3,8,17,1,1,8,11,5,14,12,10,3,6,14,14,11,6,13,42,8,12,11,10,3,16,8,21,5,3,5,5,2,21,9,5,7,9,15,7,6,5,7,6,5,13,23,8,9,15,8,10
20150501,14,NO2_24h,48,25,40,59,34,26,35,19,32,29,39,21,47,21,18,39,37,37,41,28,47,48,14,22,29,32,41,48,42,23,20,15,25,41,36,44,45,36,31,25,17,50,33,17,28,28,39,37,34,17,49,46,29,32,28,12,19,8,9,25,16,21,26,9,22,28,24,22,14,21,35,29,19,43,30,18,22,12,24,11,13,33,33,34,23,48,54,23,33,22,31,30,36,32,33,25,11,12,6,18,7,5,39,9,21,18,26,13,19,26,56,13,30,37,48,32,37,19,13,25,26,28,35,36,21,31,35,39,26,32,31,28,15,11,26,11,18,9,21,21,34,14,16,13,11,25,13,19,18,22,21,25,13,23,14,19,15,37,35,21,9,50,13,25,40,15,22,20,18,6,30,38,47,42,31,36,43,13,48,41,10,22,34,46,,34,36,30,33,21,17,18,13,26,8,14,16,25,14,21,14,7,6,20,30,36,32,42,24,17,20,30,20,14,22,12,22,17,21,19,17,26,17,21,52,21,9,52,43,20,16,8,26,16,18,30,15,26,20,23,14,23,24,19,12,16,22,31,38,26,42,28,25,21,22,25,28,46,34,32,29,32,15,18,11,26,13,16,20,31,19,29,8,19,3,12,16,13,12,11,10,23,18,13,16,13,24,14,15,30,21,20,12,5,32,21,39,9,11,23,9,18,4,6,28,7,13,12,9,11,27,17,26,4,13,12,10,12,29,3,3,13,14,9,12,19,16,15,13,32,23,13,15,13,55,14,34,14,11,16,19,16,23,10,10,11,15,6,32,9,13,12,19,16,16,8,18,18,11,15,21,28,15,11,31,11,20
20150501,14,O3,75,167,84,234,72,134,143,79,158,159,190,199,138,47,79,150,122,173,101,151,210,183,148,137,150,213,176,196,195,138,142,134,59,236,145,146,108,212,204,153,147,166,186,131,91,100,85,55,171,115,101,94,84,70,46,45,57,49,35,73,65,60,80,45,57,118,127,112,137,43,118,93,106,69,77,84,109,156,173,150,94,110,168,184,199,167,174,164,141,179,183,189,126,128,196,44,133,72,50,61,110,51,57,163,37,54,207,86,91,25,65,60,130,125,121,134,209,49,167,118,65,119,61,23,109,201,47,82,41,44,69,89,27,74,79,63,106,42,118,71,128,70,76,118,30,107,124,62,38,78,58,47,131,124,131,95,109,172,143,94,115,96,123,113,123,140,99,110,86,82,159,175,78,116,153,206,114,221,202,240,122,122,120,179,,73,106,141,72,58,85,45,25,58,41,121,190,114,122,85,108,63,113,131,132,171,119,151,171,144,110,133,101,131,110,107,101,91,85,156,76,156,148,205,68,46,95,98,190,85,77,7,66,45,79,63,91,76,144,91,65,73,84,59,71,69,89,163,155,92,164,161,151,93,188,136,63,68,66,59,99,65,74,101,73,83,80,111,82,74,116,60,59,63,22,49,74,90,74,40,93,84,112,99,69,104,90,106,94,42,50,72,115,77,48,155,82,145,61,74,30,105,69,113,113,105,124,80,116,103,110,119,142,100,58,111,105,110,82,113,115,69,85,71,65,105,84,112,143,93,145,99,132,118,117,70,135,120,113,133,132,107,150,19,82,75,113,58,88,17,50,54,92,97,101,75,95,106,75,114,107,95,78,132,125,98,114
20150501,14,O3_24h,227,252,200,245,98,135,224,252,228,186,214,221,150,139,158,154,141,176,103,164,210,248,150,160,150,221,195,233,205,164,171,170,61,249,238,162,126,212,216,168,232,198,189,179,103,180,143,290,213,125,182,233,133,190,95,61,157,100,74,245,175,139,82,70,135,189,127,112,143,163,129,93,107,70,111,144,136,174,173,151,149,139,247,213,214,210,239,189,164,196,188,198,129,128,224,123,139,90,62,84,152,51,178,184,70,55,211,198,133,136,154,136,131,138,148,146,210,101,167,121,68,122,135,186,109,201,251,184,164,149,204,171,111,112,84,93,129,44,142,151,128,147,120,147,64,107,157,143,143,151,111,164,131,130,132,98,109,202,189,100,119,110,133,137,135,151,110,119,111,101,199,188,99,173,197,206,126,226,209,240,135,122,141,179,,87,180,141,133,96,219,117,124,194,85,121,200,119,122,222,110,119,113,144,163,192,174,178,200,148,126,167,115,137,111,107,115,164,108,156,99,174,149,205,76,55,98,141,190,86,115,427,95,65,123,113,138,136,170,120,129,205,221,145,101,177,184,191,157,160,167,172,171,146,192,170,152,161,181,198,200,190,183,144,98,94,102,158,83,78,139,82,99,121,28,65,84,101,93,75,95,90,112,142,150,154,242,223,149,73,75,116,161,88,93,159,98,145,61,136,34,105,69,118,130,110,125,84,118,107,129,126,142,116,68,125,105,113,83,114,121,133,123,167,170,105,134,112,143,93,145,111,132,169,117,70,135,120,113,133,132,107,176,26,87,75,115,59,92,19,63,80,107,131,101,85,95,110,87,116,177,107,155,141,126,117,127
20150501,14,O3_8h,71,117,54,109,54,73,111,86,140,104,121,140,81,50,61,119,82,137,76,121,136,112,116,87,103,109,100,113,110,87,92,114,39,143,119,102,79,123,133,122,117,120,135,122,67,88,54,57,126,108,79,82,51,37,41,38,37,37,26,46,57,45,49,25,55,81,83,86,98,43,67,53,64,38,48,54,81,118,142,113,84,85,99,113,143,95,129,94,103,114,123,121,106,103,121,33,119,45,38,49,92,40,26,133,14,40,159,83,84,17,49,89,112,95,86,97,150,67,111,98,55,89,49,43,79,147,87,73,44,28,52,63,23,72,47,57,78,36,78,60,73,63,67,84,30,53,103,62,41,57,38,51,92,99,71,72,96,111,106,70,103,84,92,88,117,93,83,89,75,74,105,106,50,74,110,124,67,142,122,156,112,65,63,131,,52,58,92,61,48,82,46,30,56,39,82,169,100,85,73,88,51,92,107,108,141,105,103,120,113,104,104,84,102,84,63,81,89,58,83,76,112,107,148,50,31,74,61,149,60,78,7,66,49,68,30,91,32,117,73,39,45,82,54,60,44,66,117,99,92,117,107,106,89,144,95,77,90,71,68,76,89,73,80,42,55,49,73,75,52,69,41,43,38,20,48,39,45,45,30,64,52,55,92,67,83,75,78,89,32,47,67,90,51,30,87,65,106,29,75,22,84,53,79,93,100,79,70,103,90,60,105,65,80,45,84,81,101,51,96,82,60,66,73,72,65,58,70,90,53,117,84,75,90,64,53,71,87,87,85,88,74,120,12,53,57,84,50,63,17,40,54,83,56,48,58,50,39,68,75,90,68,67,98,103,89,93
20150501,14,O3_8h_24h,210,198,173,211,83,110,201,234,217,178,190,204,134,127,149,142,116,143,76,141,154,196,140,138,127,171,162,197,163,133,153,151,52,201,200,151,112,180,192,158,181,184,167,174,82,164,120,154,193,115,169,196,116,151,81,58,125,81,56,185,145,112,68,53,116,163,87,96,135,138,75,74,84,61,97,125,128,160,142,133,139,137,214,195,201,187,204,170,115,184,168,188,120,105,187,105,131,69,56,86,139,54,153,163,60,52,195,193,124,112,134,124,115,120,130,135,169,100,140,99,56,90,117,153,99,180,201,173,154,135,190,159,100,118,66,84,107,40,128,123,111,129,100,129,59,70,142,127,134,135,96,152,104,124,91,92,100,192,165,98,106,109,123,125,117,140,97,107,102,98,166,161,86,154,169,165,110,185,186,179,130,77,105,146,,79,165,122,121,85,203,111,112,178,81,95,169,100,103,197,106,91,93,133,140,179,155,162,188,113,117,158,109,129,105,96,104,118,109,90,97,115,113,164,61,46,88,108,165,66,92,253,80,57,115,88,128,122,158,104,112,146,198,118,92,121,168,172,146,153,151,163,162,140,164,162,142,137,164,177,176,173,172,136,102,88,105,155,75,63,102,94,89,100,26,59,70,91,73,65,89,78,89,127,131,143,183,172,136,65,69,113,155,84,81,115,88,108,42,115,25,84,53,113,124,107,100,80,105,100,103,116,114,98,57,109,101,110,78,100,114,129,131,161,160,76,128,78,126,78,137,114,90,167,76,53,94,108,93,114,112,91,157,21,66,64,107,55,85,18,59,71,90,118,81,82,81,100,78,91,169,101,138,117,105,106,123
20150501,14,CO,0.575,0.53,0.978,1.015,0.902,0.651,1.379,0.792,0.925,1.01,0.524,0.933,0.645,1.397,0.694,0.557,0.368,0.677,0.642,0.6,0.765,0.658,0.471,0.766,1.38,1.148,0.611,0.855,1.266,1.069,0.85,0.483,1.459,0.848,0.645,0.745,0.53,0.829,0.641,0.527,0.449,0.71,0.684,0.609,0.872,0.829,0.774,1.12,0.663,0.607,1.801,0.831,0.712,0.792,0.751,0.617,0.532,0.725,0.478,0.486,0.614,0.62,0.811,0.391,0.581,0.545,0.509,0.588,0.333,1.408,0.634,1.228,0.727,0.524,0.701,0.584,0.829,0.368,0.466,0.508,0.867,0.922,0.848,1.245,1.138,1.853,1.267,0.674,1.627,0.551,1.068,0.699,0.458,0.349,1.164,0.853,0.823,0.803,0.599,0.738,0.636,0.666,0.603,0.946,0.998,0.433,1.457,1.082,0.862,1.301,1.029,0.433,1.272,0.957,0.601,0.705,0.603,0.63,0.547,1.009,0.591,0.885,0.874,1.019,1.093,1.767,1.195,1.027,0.886,1.007,1.1,0.775,0.985,1.142,0.79,0.715,0.653,0.438,0.443,0.51,1.54,0.349,0.265,0.661,0.531,0.729,0.676,0.97,0.717,1.379,0.972,0.529,1.127,1.033,0.32,0.9,0.786,0.483,0.994,0.535,0.404,0.418,0.448,0.368,0.797,0.497,0.34,0.231,0.985,0.479,0.757,0.784,0.387,1.229,1.13,0.603,0.839,0.611,0.492,0.489,0.524,0.97,0.75,0.801,,0.168,0.549,1.4,0.776,1.115,0.656,0.805,1.433,0.548,2.626,0.28,0.736,0.295,0.29,0.545,0.32,0.452,0.545,0.86,0.601,0.621,0.582,0.433,0.551,0.595,0.425,0.626,0.76,0.367,0.345,0.216,0.263,0.485,0.314,0.516,0.294,1,0.78,0.808,0.718,0.524,0.109,0.89,0.758,0.502,0.725,0.492,0.728,1.112,0.854,1.342,1.14,1.356,1.394,0.54,0.989,0.791,1.027,0.994,0.682,0.622,2.02,0.696,0.806,0.715,1.113,0.97,0.953,1.001,0.52,1.262,1.715,0.431,1.46,1.07,1.37,2.506,1.268,1.453,0.962,0.607,0.531,0.685,0.884,0.621,0.863,1.764,0.387,0.631,0.306,0.909,1.064,0.705,1.896,0.79,0.905,0.56,0.724,0.406,0.579,0.145,0.45,0.241,0.495,0.418,0.46,0.739,0.254,0.278,0.634,0.932,0.342,0.483,0.337,0.892,0.599,0.431,0.269,0.923,0.375,0.614,0.972,0.469,0.386,0.335,0.328,0.76,0.394,0.65,0.473,3.105,0.268,0.191,1.398,2.87,0.225,0.71,2.883,1.296,2.448,0.783,0.579,0.796,0.466,0.483,0.653,2.135,0.612,0.549,0.294,0.232,0.587,0.319,0.143,0.346,0.323,0.531,0.279,0.816,1.53,0.419,0.56,0.363,0.471,1.163,0.368,0.46,0.704,0.729,1.074,0.685,0.479,0.325,0.514,0.196,0.862,1.239,0.685,1.242,2.019,2.858,0.846
20150501,14,CO_24h,1.164,0.772,0.837,2.519,1.076,0.654,0.913,0.993,1.093,1.778,0.779,1.019,0.883,1.567,0.653,0.916,0.45,0.691,0.462,0.654,0.86,0.833,0.549,0.986,1.352,1.261,0.936,1.236,1.466,0.878,0.94,0.573,1.588,0.871,0.833,0.949,0.548,0.857,0.611,0.706,0.544,0.73,0.666,0.601,1.002,0.694,0.692,1.102,1.039,0.702,1.496,0.955,0.849,0.888,0.77,0.57,0.655,0.789,0.467,0.641,0.651,0.737,0.897,0.619,0.653,0.67,0.577,0.79,0.467,1.466,0.777,0.974,0.684,0.739,1.033,0.994,0.767,0.556,0.494,0.521,0.816,1.199,0.85,1.527,1.343,2.139,1.903,0.781,1.022,0.68,1.369,1.023,0.462,0.47,1.144,1.074,0.928,0.773,0.632,0.971,0.651,0.676,0.9,1.01,1.159,0.735,1.468,1.25,0.967,1.608,1.544,0.928,1.383,1.17,1.27,0.758,0.65,0.664,0.53,0.613,0.735,1.186,0.899,1.262,1.363,1.857,1.058,0.799,1.097,1.167,1.213,0.959,0.858,1.267,1.16,0.805,0.725,0.478,0.725,0.789,1.329,0.584,0.625,0.784,0.711,0.815,0.82,1.019,0.846,1.464,1.034,0.636,1.239,0.682,0.498,0.926,0.5,0.445,2.079,0.804,0.427,0.47,0.469,0.408,0.71,0.591,0.462,0.272,1.053,0.499,0.915,0.972,0.811,0.964,1.068,0.893,1.14,0.651,0.79,0.502,0.626,0.909,0.883,0.776,,0.298,0.735,1.229,0.691,1.61,0.651,1.235,1.583,0.989,2.734,0.39,0.681,0.369,0.335,0.5,0.48,0.469,0.621,1.04,0.837,0.913,0.929,1.126,0.894,0.597,0.378,0.775,0.882,0.555,0.766,0.219,0.405,0.627,0.357,0.597,0.39,0.888,0.819,0.674,0.939,0.677,0.142,0.951,0.774,0.457,0.715,0.5,0.673,1.082,0.846,1.182,1.15,1.195,1.011,0.607,1.109,1.091,0.708,1.151,0.685,0.909,1.156,0.696,0.827,0.593,1.191,0.849,0.839,0.959,0.62,1.036,1.513,0.883,1.376,1,1.648,1.49,1.13,1.139,0.99,0.79,0.769,0.732,1.254,0.528,1.303,1.594,0.474,0.631,0.332,0.976,1.248,0.758,1.993,0.857,1.001,0.675,0.758,0.392,0.649,0.363,0.824,0.415,0.617,0.727,0.717,0.835,0.509,0.267,0.734,1.062,0.531,0.411,0.616,1.238,0.599,0.575,0.317,0.981,0.684,0.517,1.191,0.536,0.502,0.386,0.671,0.51,0.479,0.599,0.537,3.178,0.323,0.21,1.843,2.906,0.262,0.883,2.941,1.537,2.601,0.911,0.45,1.078,0.542,0.723,0.776,2.159,0.749,0.526,0.49,0.425,1.122,0.407,0.331,0.311,0.378,0.559,0.354,0.872,1.636,0.374,0.654,0.473,0.507,1.048,0.413,0.514,1.384,0.82,1.41,0.675,0.717,0.428,0.5,0.316,0.817,1.296,0.831,1.171,2.18,3.163,1.064
20150501,15,AQI,61,82,157,158,90,95,170,67,125,110,93,102,90,65,110,81,48,94,393,75,107,84,71,62,78,121,87,108,114,80,79,67,75,118,75,64,85,114,104,81,73,86,93,71,69,66,99,68,86,61,138,71,67,41,47,25,28,22,28,27,38,26,41,25,28,45,53,47,56,45,53,105,54,57,53,44,76,73,96,72,70,80,89,115,103,99,89,121,61,93,88,97,61,60,124,34,69,40,21,64,53,22,23,85,40,23,114,52,78,50,56,117,70,58,53,80,109,57,73,174,61,63,81,86,69,105,236,184,29,81,78,73,66,37,37,32,45,20,44,32,44,33,56,46,38,54,61,33,45,69,40,27,56,56,52,49,55,110,68,39,56,45,51,48,70,56,51,48,39,38,77,75,70,104,67,107,85,115,106,124,63,121,64,88,,42,93,108,96,100,77,63,60,53,44,51,149,53,54,94,107,76,50,161,95,134,66,68,87,425,89,75,59,62,55,54,47,81,57,400,39,97,72,101,85,66,60,127,101,72,80,186,47,77,64,66,46,31,69,86,53,59,117,45,38,66,53,83,92,136,77,126,106,92,100,88,102,76,97,97,75,98,89,86,60,37,35,57,39,53,59,52,78,37,34,48,27,44,53,53,39,35,42,52,53,44,38,54,44,18,25,35,54,63,46,54,57,63,70,42,40,45,29,44,70,53,46,37,56,48,57,59,45,45,25,61,44,87,100,50,45,34,61,36,35,70,52,52,53,58,71,58,49,48,55,46,72,59,82,63,91,70,75,49,48,47,52,46,45,62,162,166,324,55,30,32,44,40,177,43,99,66,36,57,67,77,50
20150501,15,PM2.5,43,60,119,120,62,51,128,46,76,82,37,63,63,30,66,26,23,48,82,49,51,54,36,36,45,86,50,40,62,58,57,25,42,71,29,35,62,54,46,30,27,63,55,51,49,47,74,45,59,9,105,51,26,15,16,10,13,11,10,18,26,12,17,12,13,19,34,12,31,24,26,78,15,25,22,20,55,18,17,15,50,58,66,86,69,74,56,91,15,61,65,36,15,12,93,22,36,11,12,45,36,10,13,47,28,12,52,20,57,34,39,88,38,16,16,55,39,31,19,87,43,44,59,63,34,47,185,138,18,59,57,51,36,11,22,6,24,7,19,14,14,13,32,17,26,34,23,22,30,45,19,17,14,8,23,21,23,65,27,13,8,16,18,14,22,21,6,13,6,9,56,40,50,64,38,29,62,37,50,68,34,86,44,54,,29,69,80,71,75,56,24,42,22,24,11,97,29,15,70,37,21,17,61,29,47,33,26,56,76,55,23,22,14,21,8,14,29,29,46,9,72,52,50,62,47,42,96,41,52,58,140,24,56,45,47,29,17,41,63,35,34,88,31,25,35,36,61,68,103,40,95,79,68,66,62,71,55,72,72,52,73,66,63,42,12,24,33,25,36,29,21,57,15,12,12,16,23,30,29,21,22,29,11,18,16,18,27,9,7,14,3,13,23,9,13,35,33,21,3,11,13,2,26,22,6,16,9,8,23,17,28,25,25,8,21,8,64,30,10,8,14,33,11,8,19,15,16,11,17,18,16,16,9,16,14,52,36,36,30,67,31,33,34,21,14,25,22,9,12,84,118,156,29,6,9,16,12,77,6,62,44,21,35,32,20,11
20150501,15,PM2.5_24h,142,94,94,154,81,65,109,79,95,149,84,87,76,76,55,46,36,48,42,49,67,73,48,47,67,90,73,63,66,66,62,33,54,86,57,69,66,60,58,60,40,64,57,63,52,55,57,52,92,15,77,59,46,22,20,11,18,14,13,25,28,20,19,11,24,35,25,21,30,45,43,52,43,36,39,38,89,45,32,37,47,91,71,113,93,85,95,96,27,54,78,58,29,24,71,29,50,9,12,52,43,11,30,72,21,18,68,67,50,46,87,84,41,28,44,52,55,19,40,43,51,51,55,75,60,57,130,91,56,76,68,71,47,49,49,11,26,8,32,49,23,30,64,28,47,52,25,44,53,56,38,49,19,19,73,22,35,63,56,26,14,32,19,25,22,36,23,26,16,13,73,55,57,76,50,65,84,55,66,65,37,85,93,51,,57,72,65,49,56,50,54,72,86,32,56,91,26,66,73,26,80,38,54,46,57,55,51,67,33,46,38,26,32,30,12,27,41,29,29,12,63,59,54,65,52,37,110,45,48,50,69,25,56,53,41,49,35,61,61,49,58,52,46,50,58,66,75,54,72,68,70,66,47,84,64,64,66,77,66,65,66,67,60,77,22,37,34,45,40,74,46,58,23,14,17,21,24,33,38,26,25,24,12,35,63,40,52,21,43,38,20,36,19,23,29,49,25,43,36,12,24,5,33,39,10,24,18,15,24,24,35,29,19,13,21,17,53,56,41,6,28,52,41,38,30,31,44,21,55,37,41,41,36,39,23,78,34,59,40,67,48,39,81,46,40,34,28,14,19,109,173,155,26,16,10,20,28,108,18,57,52,43,48,43,32,42
20150501,15,PM10,47,77,173,180,127,137,184,81,198,124,91,125,127,78,167,80,41,135,493,75,81,69,57,71,103,129,80,89,101,99,105,65,97,110,48,58,94,83,76,52,34,85,63,69,76,77,104,83,89,34,155,73,82,40,46,24,27,21,27,24,36,19,40,24,21,36,53,21,60,44,53,139,56,62,54,43,62,44,38,46,63,98,97,131,91,112,107,160,28,133,104,81,27,32,188,33,58,39,19,48,50,21,8,62,16,18,95,52,98,49,56,162,87,60,54,108,103,62,68,295,66,64,109,93,85,98,263,170,28,77,84,94,79,20,36,31,44,14,43,27,35,32,60,43,36,55,31,32,44,85,39,26,47,45,52,48,57,167,43,34,8,41,45,41,41,48,50,23,22,27,74,63,73,155,82,60,106,74,74,108,67,190,76,83,,,100,131,81,134,69,73,48,54,43,50,245,46,55,125,161,99,47,270,137,215,62,69,122,524,125,97,65,53,57,56,46,110,61,499,24,104,80,90,99,79,64,114,67,74,101,,46,72,61,63,45,30,80,106,54,66,112,42,37,79,48,91,84,162,85,132,155,120,100,123,151,93,117,112,97,132,97,106,48,36,29,61,33,46,65,51,83,36,33,47,26,43,54,53,38,34,33,51,54,43,34,55,22,11,18,14,55,73,45,22,62,67,88,7,39,22,8,38,88,22,43,15,34,38,62,22,44,44,22,69,36,17,147,19,20,33,70,12,11,88,51,52,37,63,30,63,48,35,58,45,74,65,112,73,96,87,70,48,47,46,52,45,44,71,271,279,438,57,29,20,43,39,301,42,146,79,31,61,81,102,22
20150501,15,PM10_24h,177,118,154,206,127,128,157,178,167,210,166,150,149,153,186,97,62,129,151,77,105,96,67,84,102,141,110,121,118,98,95,60,99,129,87,107,94,82,79,87,57,93,75,83,103,84,87,119,165,35,154,128,76,44,45,25,34,22,26,37,49,37,45,25,45,61,47,47,57,131,74,119,192,110,65,58,185,126,53,55,68,137,134,179,137,140,170,171,48,119,130,104,46,45,138,47,68,23,21,68,59,22,73,68,32,33,116,158,99,97,180,147,92,65,104,84,133,53,104,114,69,73,103,145,98,108,206,145,128,114,111,122,79,72,77,31,44,17,49,74,53,52,88,58,80,80,38,105,130,152,111,141,63,52,224,68,107,143,90,65,18,50,36,46,42,62,79,39,27,30,99,75,81,118,77,98,116,76,95,104,55,144,142,83,,93,150,113,70,107,100,125,127,159,70,212,187,69,237,167,75,249,142,127,110,124,91,102,124,154,103,92,72,87,68,33,50,102,62,170,35,98,86,90,119,82,54,127,73,61,90,84,37,75,69,70,79,51,83,125,81,112,115,61,77,98,109,118,93,117,119,108,124,117,126,122,98,106,125,121,115,94,114,103,101,42,56,85,57,50,116,80,87,43,28,39,40,37,69,68,38,46,40,36,79,85,60,73,54,69,71,37,68,40,41,45,75,46,110,55,34,35,21,55,85,26,44,36,38,38,73,45,62,52,33,32,31,62,182,39,18,47,132,85,85,107,62,78,72,183,52,140,94,80,82,45,135,54,105,79,142,142,85,222,133,143,75,88,57,84,318,659,557,80,38,32,75,73,454,40,117,84,51,63,96,116,72
20150501,15,SO2,2,11,37,38,26,23,39,25,12,10,30,29,25,9,15,12,9,10,15,10,17,10,13,16,21,34,14,19,51,29,16,6,12,27,10,9,21,24,18,5,4,10,24,6,16,8,12,14,22,11,36,12,13,7,6,3,5,7,5,5,5,14,8,3,5,5,17,12,6,10,6,28,9,8,19,10,34,9,9,12,5,26,15,62,26,47,21,28,5,18,35,17,8,3,41,10,6,4,3,3,7,2,15,12,6,5,23,10,19,9,52,8,21,19,10,42,14,17,9,13,28,13,33,23,29,24,15,103,15,9,26,18,13,8,8,4,10,3,11,8,48,9,14,9,6,4,13,7,6,7,6,8,12,41,50,13,2,32,28,10,4,11,8,10,9,11,6,4,13,8,12,16,12,36,33,19,27,12,12,33,13,21,8,11,,6,8,32,6,15,16,12,24,20,47,17,9,37,4,11,2,5,2,36,14,12,7,5,4,7,2,10,16,9,12,3,10,13,4,5,21,21,4,29,27,17,6,14,11,10,6,20,30,24,4,9,17,7,6,9,26,7,81,7,7,13,7,87,39,43,22,47,54,14,17,30,8,11,20,18,7,16,12,18,1,6,10,19,3,16,8,39,2,8,2,6,11,13,20,11,6,9,4,25,3,6,7,8,5,4,11,9,33,9,15,13,10,31,8,9,10,5,6,7,22,20,35,13,13,4,13,7,15,9,20,5,5,11,36,7,3,5,10,24,7,5,7,3,12,2,2,10,4,7,1,7,4,5,12,21,25,2,9,2,5,3,5,2,13,16,7,14,85,7,12,4,7,23,3,9,4,26,3,8,23,23,11
20150501,15,SO2_24h,16,19,49,88,25,19,32,39,39,31,37,28,29,24,14,25,10,10,12,10,20,15,16,22,18,43,21,34,36,24,17,7,15,31,17,16,23,28,14,7,5,30,27,7,18,5,12,23,31,12,25,21,19,10,8,4,10,8,8,8,7,17,8,3,8,8,10,22,7,15,6,13,10,11,22,15,19,6,13,10,8,50,17,60,36,73,57,38,9,23,71,36,11,7,53,15,8,5,4,5,8,2,20,13,7,14,29,20,25,27,46,22,20,23,26,56,17,13,37,11,33,21,55,35,18,24,35,60,37,10,24,30,13,8,21,4,10,3,10,18,32,9,18,8,6,7,12,10,10,8,8,15,13,26,59,6,3,39,59,18,4,12,8,11,10,20,10,8,14,8,15,20,14,30,23,22,35,21,18,28,15,15,23,22,,19,17,21,7,16,30,41,33,40,73,16,22,46,4,16,5,4,2,51,20,16,13,16,5,6,4,11,20,10,16,3,9,13,16,6,27,23,7,24,49,42,5,21,17,19,8,36,31,30,2,11,21,6,5,13,23,35,36,15,17,22,27,87,33,33,22,19,41,18,19,31,22,23,33,27,17,20,22,30,10,9,40,23,8,42,19,35,2,12,3,10,17,43,24,16,7,20,9,13,8,13,16,10,18,4,12,10,23,6,16,21,15,28,20,16,10,6,5,10,60,16,13,19,8,4,13,8,13,9,13,6,5,10,40,11,3,6,11,18,34,9,7,6,17,6,8,8,6,11,9,9,15,5,8,17,25,3,11,5,4,4,6,4,12,16,10,18,142,7,14,4,8,11,3,11,8,25,6,13,22,21,18
20150501,15,NO2,18,10,27,26,23,20,35,18,17,13,22,14,34,13,19,20,21,18,26,19,25,27,11,12,15,30,19,21,25,19,15,11,18,31,17,22,32,21,29,8,10,23,13,11,19,39,27,25,16,15,50,36,16,29,17,8,12,4,4,9,8,11,11,7,16,15,14,10,6,20,20,20,9,16,16,10,24,8,10,6,15,15,11,19,13,23,22,14,31,10,15,14,17,9,17,18,6,10,4,7,5,4,17,8,3,7,22,13,18,15,29,12,20,19,11,26,14,18,8,19,21,12,27,30,13,23,48,35,23,31,28,8,14,6,9,4,9,6,14,9,15,11,7,10,7,14,6,27,14,14,17,28,6,17,10,8,12,22,10,9,12,24,10,17,8,6,10,9,11,9,20,19,38,46,37,17,30,12,26,28,10,14,9,18,,12,13,24,28,22,16,12,15,15,8,7,15,19,11,21,11,7,3,15,17,22,5,12,5,15,19,15,13,11,11,10,14,10,13,11,12,16,11,19,30,18,4,16,33,10,8,12,27,12,22,20,10,12,21,17,10,15,23,10,5,9,15,20,31,44,31,32,25,20,13,24,43,21,43,33,22,45,10,22,4,17,4,10,3,37,5,22,2,9,1,7,7,7,7,8,3,13,5,9,6,8,14,5,5,16,24,11,9,4,15,12,15,7,2,8,6,9,3,3,11,8,5,8,3,9,6,15,9,5,9,12,5,6,28,2,1,7,10,6,15,12,8,4,7,13,14,12,6,10,37,8,13,8,10,4,15,9,15,6,3,4,4,3,21,8,2,5,11,13,5,7,2,4,5,5,21,21,9,8,17,9,10
20150501,15,NO2_24h,48,25,40,59,35,27,35,19,32,29,39,21,47,21,17,37,38,37,42,27,47,47,14,22,29,33,41,48,42,24,20,15,25,41,36,44,45,36,31,25,17,50,33,17,28,29,38,37,34,17,52,46,29,33,28,12,19,7,9,24,14,21,26,9,22,28,24,22,14,20,35,29,19,43,29,18,22,12,24,11,13,33,32,34,23,48,54,23,33,23,31,30,33,30,33,25,11,12,6,18,6,5,38,9,21,18,26,13,19,26,56,13,30,37,47,32,37,19,13,25,26,28,35,36,21,31,36,40,26,33,32,28,15,10,26,11,16,9,20,21,34,14,16,13,11,25,13,19,18,22,20,25,13,24,14,19,15,37,35,21,9,49,13,25,37,15,21,20,18,6,30,38,47,43,32,37,44,14,48,41,10,23,33,45,,34,36,30,34,21,17,18,13,26,7,14,16,25,14,21,14,7,5,17,30,36,32,42,24,17,20,30,19,14,22,13,22,17,22,18,17,26,17,24,55,21,9,51,43,20,16,8,26,16,18,30,15,25,20,23,14,23,24,18,12,16,22,31,39,28,42,29,26,21,22,26,29,45,35,32,30,33,15,19,11,26,12,15,19,31,18,29,7,19,3,12,16,13,12,11,10,22,18,13,16,13,23,14,14,30,21,19,12,5,32,21,39,9,2,23,9,18,4,6,28,7,13,12,8,11,27,18,26,4,13,12,10,12,29,3,3,13,14,9,13,19,15,15,13,31,23,13,14,12,54,14,33,14,11,16,20,16,22,10,10,10,15,6,32,9,13,11,19,16,16,8,18,18,11,15,22,28,15,11,32,11,20
20150501,15,O3,67,168,81,229,80,132,118,84,98,89,193,202,143,51,88,151,127,172,95,157,211,186,149,139,151,240,188,214,226,150,142,128,60,233,153,142,104,225,205,153,150,168,187,131,92,108,98,58,177,120,88,88,71,52,49,45,50,45,35,71,60,73,72,43,59,133,125,112,142,44,134,97,112,71,70,76,115,163,179,156,96,112,168,209,203,187,171,175,137,185,185,196,122,127,191,46,134,72,49,60,107,56,73,165,41,54,214,85,54,33,59,53,136,130,118,154,198,55,176,99,67,121,65,19,104,208,44,49,44,42,84,84,33,84,80,68,110,43,129,75,137,73,85,137,33,102,137,69,43,83,63,47,137,129,130,111,113,171,144,98,115,126,121,117,140,149,105,116,88,85,161,179,77,130,119,211,117,228,210,246,123,138,139,178,,70,104,146,81,45,93,40,25,61,42,124,165,106,126,88,103,66,114,139,133,165,127,147,163,116,111,133,99,138,114,122,115,104,99,168,74,163,147,199,78,48,93,108,186,87,84,8,71,48,80,71,89,76,149,75,61,74,84,58,63,59,81,142,144,72,171,154,134,97,187,116,68,50,81,59,94,92,86,87,77,89,81,111,81,80,117,59,71,65,22,51,80,97,77,49,102,91,114,103,76,109,87,120,95,43,53,71,118,79,61,156,79,140,100,81,36,106,73,111,110,112,126,80,117,105,118,122,139,112,61,118,109,111,81,111,114,72,91,67,62,105,92,114,144,99,145,102,134,125,122,72,146,128,117,138,142,109,162,17,83,80,118,61,89,17,56,65,100,114,82,81,104,111,73,113,85,113,77,117,131,96,112
20150501,15,O3_24h,224,252,180,245,98,135,216,252,228,183,214,211,148,136,158,156,136,177,99,160,212,242,151,150,151,240,197,232,226,169,168,157,61,252,238,158,122,225,216,164,232,198,192,177,103,167,136,287,211,124,171,232,125,185,93,56,145,88,71,228,165,136,81,62,128,176,129,113,144,161,141,101,112,71,101,141,122,171,179,156,141,139,234,213,210,195,225,190,147,193,189,199,129,128,197,122,140,86,57,84,137,56,178,170,70,55,214,195,133,136,154,136,137,139,147,154,210,100,176,121,69,123,135,174,109,208,244,183,164,149,196,169,104,112,85,93,127,44,143,144,137,147,115,146,61,107,146,137,142,135,111,163,137,133,133,111,113,200,189,100,120,118,126,130,145,153,110,116,107,101,199,185,99,169,193,211,130,228,212,246,135,138,141,180,,87,180,146,125,96,219,117,124,194,83,124,200,119,126,222,110,119,114,150,150,191,174,174,199,148,126,163,111,138,114,122,124,164,107,168,99,178,149,199,90,56,98,149,190,87,115,27,95,65,121,109,138,130,162,120,129,201,214,145,100,168,184,190,156,160,171,172,171,146,192,161,151,161,180,186,200,183,183,143,92,93,102,151,83,82,137,69,95,95,28,60,82,101,88,74,102,91,114,140,150,153,240,223,148,71,75,113,161,87,88,162,96,145,100,136,39,107,73,118,129,113,126,84,118,107,129,126,142,116,68,125,109,112,83,114,120,123,118,167,170,105,134,114,144,99,145,105,134,168,122,72,146,128,117,138,142,109,176,26,88,80,118,61,93,19,63,77,107,131,101,85,104,111,87,116,177,115,152,132,131,117,118
20150501,15,O3_8h,76,134,62,136,61,87,120,84,144,112,137,157,96,50,65,135,94,150,78,128,154,130,123,100,116,137,121,138,134,99,104,119,44,164,128,115,87,147,151,136,126,134,150,124,74,90,67,58,141,111,84,84,56,40,43,39,42,39,29,53,57,50,56,29,54,89,93,93,106,42,82,62,74,45,54,61,90,126,153,125,87,93,115,134,160,115,145,111,111,130,141,140,111,110,141,34,121,49,41,52,96,43,34,140,19,44,174,84,82,18,54,84,119,108,98,107,168,66,126,102,58,99,54,41,86,164,83,69,43,31,57,70,25,73,56,58,84,39,85,63,87,64,69,91,30,64,112,63,41,62,41,51,105,105,84,78,97,129,120,77,106,88,100,94,122,106,89,94,77,75,120,124,58,89,118,147,79,163,147,179,114,81,67,144,,57,69,105,63,52,82,45,28,56,40,94,175,102,94,75,94,53,98,123,117,150,118,120,137,121,109,115,91,113,95,75,90,95,66,99,77,124,119,160,62,34,82,69,160,67,78,7,67,47,70,37,89,40,121,76,44,50,83,57,62,47,69,124,111,94,131,118,114,90,159,99,79,85,71,67,81,88,72,82,50,65,56,82,77,57,80,46,49,44,20,49,46,55,53,33,71,59,69,92,67,86,75,83,87,35,48,68,94,58,37,103,70,114,51,82,25,88,57,87,102,102,91,72,106,94,74,109,81,87,48,90,86,102,59,99,88,61,70,71,69,73,64,83,102,61,123,86,88,95,77,58,88,94,94,98,101,84,128,13,60,62,90,51,69,17,43,56,83,64,58,62,58,49,68,85,90,75,70,102,111,93,99
20150501,15,O3_8h_24h,210,198,173,211,83,110,201,234,217,178,190,204,134,127,149,145,116,152,78,141,157,196,140,138,128,171,162,197,163,133,153,151,52,202,200,151,112,180,192,158,181,184,167,174,84,164,122,154,193,116,166,196,116,147,81,58,125,81,56,185,147,112,68,53,116,163,93,96,135,138,83,74,85,61,97,125,128,160,153,133,139,137,214,195,201,187,204,170,118,184,168,188,120,110,187,105,131,69,56,86,139,54,153,163,60,52,195,193,124,112,134,124,119,123,130,135,173,100,140,102,58,99,117,153,99,180,201,173,154,135,190,159,100,118,67,84,111,40,128,123,111,129,101,129,59,71,142,127,134,135,96,152,105,124,92,92,100,192,165,98,107,109,123,125,122,140,97,107,102,98,166,161,86,154,169,165,110,185,186,181,130,81,105,146,,79,165,122,121,85,203,111,112,178,81,96,175,103,103,197,106,91,98,141,140,179,155,162,188,121,117,158,110,129,104,96,104,120,108,99,97,128,121,161,71,47,90,110,167,70,93,196,80,57,115,88,128,122,158,104,112,146,196,118,92,121,168,172,146,153,151,163,162,140,164,162,142,137,164,177,176,173,172,136,102,88,105,155,77,64,105,94,94,100,27,59,70,91,73,65,89,78,89,127,131,143,183,172,136,65,69,112,155,84,81,115,90,114,64,115,26,88,57,113,124,107,100,80,107,100,103,116,114,100,59,109,101,110,78,100,114,129,131,161,160,76,128,83,126,77,137,114,90,167,79,58,94,108,94,114,112,91,157,21,66,62,107,55,85,18,59,71,90,118,81,82,81,100,78,91,169,101,138,117,111,107,123
20150501,15,CO,0.542,0.5,0.674,0.918,0.986,0.665,1.425,0.767,0.578,0.899,0.518,0.947,0.571,1.311,0.662,0.524,0.369,0.659,0.617,0.596,0.726,0.645,0.453,0.735,1.323,1.097,0.633,0.824,1.107,0.838,0.838,0.462,1.434,0.816,0.634,0.699,0.487,0.859,0.596,0.523,0.452,0.707,0.821,0.627,0.814,0.743,0.768,1.075,0.676,0.56,1.867,0.861,0.641,0.793,0.735,0.62,0.57,0.728,0.486,0.482,0.651,0.641,0.738,0.411,0.581,0.522,0.53,0.586,0.32,1.389,0.773,1.239,0.737,0.462,0.803,0.51,1.019,0.394,0.447,0.499,0.866,0.947,0.782,1.25,1.13,1.964,1.182,0.621,1.681,0.5,1.21,0.668,0.466,0.351,1.143,0.859,0.818,0.789,0.599,0.748,0.629,0.68,0.532,0.963,1.018,0.468,1.509,1.102,1.06,1.13,0.955,0.525,1.241,0.959,0.643,0.795,0.521,0.649,0.56,0.739,0.516,0.877,0.752,1.038,1.103,1.797,1.214,0.881,0.865,1.055,0.95,0.776,0.972,1.113,0.797,0.7,0.608,0.433,0.44,0.479,1.342,0.351,0.369,0.67,0.544,0.706,0.682,0.967,0.786,1.388,0.952,0.527,1.114,1.017,0.247,1.21,0.407,0.456,1.011,0.426,0.412,0.396,0.441,0.359,0.749,0.504,0.324,0.211,0.977,0.479,0.74,0.778,0.381,1.175,1.488,0.581,0.848,0.59,0.499,0.473,0.535,0.904,0.712,0.778,,0.144,0.553,1.411,0.761,1.171,0.62,0.797,1.44,0.514,2.618,0.265,0.662,0.263,0.287,0.529,0.31,0.453,0.537,0.961,0.56,0.515,0.6,0.431,0.519,0.626,0.399,0.61,0.762,0.398,0.361,0.269,0.293,0.477,0.283,0.495,0.314,1.025,0.734,0.786,0.961,0.577,0.104,0.792,0.764,0.486,0.724,0.486,0.752,1.109,0.864,1.408,1.158,1.335,1.436,0.646,1.114,0.799,1.079,0.973,0.656,0.828,0.89,0.545,0.807,1.084,1.111,1.216,0.964,0.991,0.526,1.097,1.828,0.348,1.501,0.913,1.375,1.977,1.151,1.452,0.863,0.636,0.529,0.653,0.837,0.493,0.83,1.59,0.605,0.611,0.297,0.904,1.037,0.712,1.871,0.842,0.856,0.541,0.707,0.515,0.544,0.152,0.461,0.21,0.467,0.433,0.485,0.736,0.248,0.273,0.572,0.898,0.513,0.49,0.145,0.781,0.581,0.413,0.24,0.896,0.366,0.692,0.954,0.494,0.371,0.66,0.222,0.375,0.373,0.702,0.529,3.087,0.243,0.159,1.461,2.864,0.183,0.704,2.87,1.29,2.449,0.742,0.557,0.771,0.477,0.48,0.588,2.15,0.584,0.446,0.262,0.228,0.59,0.278,0.249,0.358,0.316,0.495,0.205,0.814,1.565,0.395,0.564,0.375,0.442,1.136,0.32,0.518,0.702,0.863,1.065,0.713,0.437,0.37,0.561,0.2,0.909,1.276,0.711,1.1,2.063,2.865,0.845
20150501,15,CO_24h,1.153,0.76,0.806,2.523,1.077,0.659,0.939,0.986,1.068,1.774,0.778,1.018,0.877,1.566,0.652,0.912,0.44,0.692,0.453,0.65,0.871,0.828,0.547,0.975,1.359,1.272,0.926,1.235,1.465,0.895,0.936,0.557,1.594,0.879,0.832,0.942,0.553,0.864,0.618,0.71,0.537,0.735,0.677,0.604,1.008,0.696,0.699,1.108,1.027,0.69,1.549,0.955,0.845,0.848,0.766,0.569,0.653,0.782,0.46,0.629,0.66,0.732,0.893,0.614,0.65,0.664,0.578,0.787,0.465,1.457,0.788,0.99,0.687,0.734,1.032,0.987,0.78,0.486,0.494,0.519,0.817,1.169,0.837,1.519,1.339,2.126,1.879,0.775,1.018,0.679,1.379,1.017,0.463,0.465,1.074,1.043,0.923,0.773,0.631,0.966,0.645,0.677,0.885,1.008,1.157,0.731,1.469,1.254,0.98,1.598,1.532,0.914,1.388,1.166,1.259,0.755,0.64,0.675,0.538,0.625,0.738,1.195,0.901,1.251,1.36,1.862,1.07,0.813,1.084,1.171,1.209,0.956,0.86,1.258,1.155,0.807,0.681,0.478,0.71,0.776,1.343,0.57,0.617,0.772,0.706,0.814,0.815,1,0.84,1.459,1.014,0.626,1.243,0.701,0.5,0.94,0.502,0.445,2.06,0.807,0.426,0.468,0.475,0.409,0.713,0.589,0.458,0.271,1.051,0.497,0.902,0.951,0.757,0.995,1.093,0.9,1.149,0.66,0.781,0.5,0.622,0.923,0.891,0.782,,0.296,0.739,1.247,0.694,1.615,0.652,1.23,1.575,0.987,2.722,0.39,0.699,0.37,0.333,0.496,0.482,0.471,0.619,1.075,0.826,0.871,0.92,1.114,0.886,0.604,0.386,0.774,0.883,0.562,0.759,0.213,0.405,0.628,0.361,0.605,0.396,0.906,0.822,0.714,1.061,0.674,0.142,0.949,0.785,0.473,0.722,0.5,0.686,1.091,0.846,1.186,1.155,1.205,1.021,0.627,1.121,1.087,0.773,1.144,0.686,0.88,1.157,0.687,0.83,0.619,1.192,0.872,0.856,0.965,0.62,1.063,1.53,0.862,1.398,0.996,1.658,1.518,1.138,1.159,0.996,0.789,0.763,0.731,1.249,0.529,1.292,1.595,0.501,0.58,0.332,0.976,1.251,0.761,1.987,0.857,0.997,0.673,0.761,0.395,0.641,0.355,0.801,0.398,0.612,0.723,0.706,0.832,0.499,0.269,0.738,1.062,0.538,0.417,0.325,1.233,0.602,0.57,0.319,0.981,0.687,0.524,1.184,0.536,0.498,0.385,0.666,0.371,0.478,0.627,0.535,3.173,0.32,0.209,1.839,2.907,0.262,0.875,2.928,1.526,2.591,0.909,0.44,1.073,0.543,0.72,0.756,2.144,0.759,0.518,0.488,0.412,1.116,0.404,0.324,0.316,0.38,0.56,0.346,0.885,1.636,0.371,0.652,0.469,0.511,1.053,0.415,0.516,1.384,0.829,1.408,0.681,0.719,0.428,0.507,0.314,0.831,1.29,0.823,1.166,2.182,3.136,1.06
20150501,16,AQI,48,100,108,153,113,88,185,67,106,155,96,111,93,63,106,88,54,100,470,81,113,91,75,60,76,182,84,114,114,79,74,70,78,122,81,73,78,123,107,90,80,90,103,75,74,57,98,57,96,62,161,74,63,47,51,21,24,21,21,30,41,35,40,25,28,51,57,51,65,55,53,88,51,58,47,41,65,80,103,81,74,80,98,113,117,111,100,115,67,89,102,100,63,64,113,24,71,28,23,69,54,24,34,89,45,25,129,53,89,36,58,103,69,66,59,86,121,52,84,160,61,62,81,69,80,118,243,133,23,77,66,68,58,38,35,31,47,21,48,35,54,34,52,53,43,46,69,51,49,72,43,29,66,63,49,47,52,99,76,49,58,47,56,51,72,66,50,51,41,39,79,84,66,101,73,109,87,121,113,141,65,120,82,98,,40,98,113,89,111,59,61,49,42,48,56,167,56,54,96,88,75,55,199,88,125,71,80,94,286,97,73,60,68,58,53,60,96,47,398,40,97,75,121,91,71,58,113,109,78,74,109,39,78,64,64,45,34,72,87,53,52,110,46,36,66,48,74,82,181,87,141,111,88,113,100,104,65,97,74,77,99,83,87,42,55,39,58,40,54,56,56,67,29,32,53,40,39,54,48,41,38,43,48,59,53,40,52,45,20,34,35,55,59,40,67,67,70,78,46,37,47,32,50,60,55,54,39,61,50,56,62,50,47,30,69,47,55,105,56,48,36,59,35,34,61,49,51,63,55,78,56,52,52,53,45,71,71,79,73,91,62,81,48,48,38,50,37,51,63,139,192,394,54,32,34,35,54,200,49,64,74,37,56,72,74,55
20150501,16,PM2.5,33,59,80,116,84,54,139,48,63,79,51,66,69,28,61,30,24,48,83,50,47,51,36,26,38,137,47,35,61,52,47,23,41,63,29,33,57,54,43,33,27,59,55,52,42,33,73,39,49,11,122,53,22,15,16,10,12,11,12,18,26,15,16,13,13,17,36,11,29,22,24,63,15,22,20,17,46,17,21,15,53,58,73,84,71,83,56,86,14,51,70,41,22,12,81,14,36,15,10,49,37,9,13,47,31,12,48,17,65,25,30,45,32,16,16,63,33,28,24,65,43,43,59,49,48,45,192,101,16,56,47,46,34,11,21,7,26,7,18,16,14,12,25,23,27,31,18,22,31,47,19,20,9,19,14,14,12,59,21,16,12,16,15,12,21,22,6,8,6,12,55,40,47,62,35,30,64,34,48,63,36,90,60,51,,28,73,84,66,83,40,20,34,17,23,9,95,28,12,64,38,23,18,46,30,41,28,26,57,75,61,24,24,20,19,14,22,34,25,67,6,72,48,48,67,51,40,84,44,57,53,81,27,57,45,45,28,16,38,64,32,33,82,32,23,39,33,50,60,136,40,107,83,65,65,72,75,37,72,53,56,74,61,64,29,11,23,33,25,36,29,21,48,14,13,13,15,24,29,21,20,21,30,10,14,18,17,25,8,9,13,3,12,19,14,13,46,38,28,6,12,16,1,30,18,8,11,10,11,23,16,24,21,23,10,28,7,25,28,39,13,15,27,10,12,18,13,16,12,12,15,15,16,8,13,11,46,29,33,36,67,24,37,33,20,15,26,19,11,9,69,111,131,31,5,4,10,9,75,7,45,53,23,30,35,21,16
20150501,16,PM2.5_24h,140,92,94,154,80,65,110,78,95,149,85,88,76,74,56,46,36,48,44,49,69,72,48,46,68,95,73,64,68,67,63,30,54,86,56,68,66,60,58,61,39,64,58,64,52,54,57,52,90,14,80,59,45,21,20,11,17,14,13,24,28,19,19,11,24,34,26,21,30,46,42,53,36,35,39,37,88,45,32,36,48,90,71,112,92,83,92,97,26,55,79,57,28,23,72,28,50,9,12,51,44,10,27,71,22,17,67,66,51,47,84,84,41,28,44,53,54,20,40,45,52,52,56,73,60,57,132,93,53,76,67,70,45,47,48,12,25,8,30,48,23,30,63,26,47,52,24,42,52,56,37,48,19,19,71,21,35,62,55,25,13,30,19,24,22,35,22,25,15,13,73,55,57,76,50,66,85,55,66,65,36,87,94,52,,57,73,67,50,58,49,53,72,83,32,52,93,27,59,72,26,79,35,52,46,56,54,50,67,35,47,38,26,32,30,12,28,41,30,32,12,65,59,53,66,53,38,110,45,49,51,69,25,57,53,42,49,34,61,61,48,57,54,45,48,56,64,75,54,75,68,72,67,48,84,66,64,65,69,67,66,67,67,61,75,22,36,34,44,40,72,43,57,22,14,17,20,24,32,36,26,25,25,11,35,61,37,50,20,42,37,19,35,19,22,29,49,25,42,35,12,24,5,33,40,10,23,18,15,25,24,34,30,19,13,22,17,50,56,42,6,27,51,40,36,29,30,41,21,50,36,39,39,34,38,21,76,35,58,41,68,47,38,77,36,35,35,28,14,19,105,168,152,26,15,10,20,28,106,18,57,52,42,47,44,32,41
20150501,16,PM10,44,149,117,183,172,124,218,76,160,257,87,127,124,73,159,84,43,140,569,73,83,79,62,64,99,132,80,81,124,105,96,66,104,93,48,55,100,91,74,56,35,83,62,67,96,62,108,61,93,31,183,67,73,46,50,20,17,20,20,24,40,34,39,24,23,34,61,28,60,57,54,123,50,63,46,40,72,47,41,43,69,94,118,132,99,126,108,151,28,119,115,94,36,35,174,23,59,27,22,51,47,20,33,62,39,19,101,54,126,24,63,153,77,53,48,118,89,52,87,267,65,71,110,76,107,120,257,171,21,71,66,83,63,33,34,25,42,17,44,34,34,29,52,52,42,45,28,50,48,91,42,28,44,43,44,46,52,145,35,48,16,44,50,39,40,52,49,29,20,38,78,62,73,150,93,77,107,74,74,110,73,181,99,80,,39,99,144,84,142,66,69,42,41,47,43,281,41,55,139,123,98,40,346,124,197,64,58,124,409,141,94,67,75,64,53,67,140,46,497,21,111,82,90,107,84,64,106,62,72,93,,37,75,57,67,42,33,80,104,54,52,112,44,35,79,44,96,96,197,84,140,159,121,101,147,155,78,116,95,95,121,90,105,34,57,38,63,38,55,60,60,72,28,31,53,39,38,56,47,40,37,39,42,66,54,34,52,24,11,33,16,57,66,39,22,81,68,104,11,36,28,13,43,65,23,51,17,37,38,60,60,41,39,29,85,38,28,158,3,25,35,65,8,,70,48,50,43,57,36,60,47,35,53,44,90,89,106,94,100,71,71,47,47,37,45,36,50,73,225,332,494,56,20,31,33,56,348,43,65,90,35,50,91,95,29
20150501,16,PM10_24h,178,115,152,205,129,128,159,172,167,217,165,150,149,151,185,97,62,129,169,74,110,94,67,83,103,145,109,120,121,99,95,59,101,129,87,105,96,84,80,87,54,93,76,83,104,81,87,118,162,33,156,125,75,43,43,25,32,21,25,35,49,35,43,24,45,59,48,47,57,139,72,120,157,106,63,57,182,124,53,54,67,133,132,177,136,139,167,172,47,122,131,103,44,44,140,45,67,22,21,67,59,22,69,68,32,32,116,155,101,107,172,149,92,64,102,85,133,54,103,123,71,73,104,141,99,108,207,148,123,112,108,120,76,69,76,32,43,18,47,71,53,51,86,56,80,80,37,104,128,151,107,137,64,53,198,67,104,143,89,64,16,48,37,46,43,61,76,39,26,30,98,75,80,120,78,100,118,77,95,105,55,149,144,85,,90,152,116,71,109,98,123,126,156,69,189,192,70,210,166,77,245,131,139,110,129,89,101,125,168,106,93,70,85,67,34,50,101,61,217,34,100,86,85,120,83,55,127,72,64,92,83,37,77,69,71,78,49,83,124,79,110,115,59,75,95,106,118,93,121,117,111,127,117,126,124,100,104,111,121,116,96,113,104,100,41,55,82,55,50,114,75,85,40,28,39,39,37,68,66,39,45,39,35,80,85,56,70,53,68,69,35,67,42,40,45,75,47,110,54,35,35,20,55,86,26,45,36,38,39,74,45,63,50,33,31,31,60,183,39,18,46,127,83,85,100,61,78,70,161,52,138,87,74,80,41,134,57,107,81,143,139,82,183,98,115,74,87,56,84,312,635,540,80,38,32,73,72,445,41,115,84,50,61,97,116,70
20150501,16,SO2,2,10,24,36,27,18,21,26,25,6,28,29,23,7,14,13,8,9,13,10,16,10,14,17,19,33,14,20,50,29,17,6,12,18,10,8,22,26,13,4,4,8,22,7,14,7,13,15,21,12,27,12,10,6,5,2,6,7,4,5,5,25,10,3,6,5,12,11,6,10,6,11,9,7,20,9,35,10,10,11,6,21,14,71,25,43,21,27,4,18,45,16,8,3,38,11,6,5,3,3,8,2,14,11,6,5,24,10,13,7,28,8,21,19,11,48,12,16,31,9,32,13,30,16,18,20,14,27,13,8,23,16,10,9,7,4,9,3,12,8,41,12,7,10,8,4,15,8,6,6,6,8,16,28,46,25,3,39,28,11,4,12,7,10,11,11,6,4,13,7,12,17,13,37,35,19,26,11,15,30,13,22,12,10,,6,7,26,6,10,16,10,20,20,46,18,4,35,3,11,2,6,2,37,12,8,8,5,5,3,5,10,20,9,7,3,11,12,4,5,22,21,7,24,22,17,8,15,11,8,8,20,16,18,3,8,18,7,7,7,22,97,57,6,7,13,8,69,57,31,19,39,41,13,16,25,10,11,7,17,5,15,17,28,2,6,10,19,3,13,9,42,3,8,2,7,11,15,17,12,9,7,4,24,4,8,27,3,4,5,12,9,20,9,15,19,8,19,8,10,10,7,7,7,17,16,38,14,12,5,11,5,10,9,19,5,4,12,41,7,3,5,10,16,7,4,7,3,14,2,3,13,4,6,2,6,2,5,9,22,25,2,10,2,5,3,5,6,13,16,6,13,77,5,11,4,7,16,3,8,4,30,3,7,24,20,20
20150501,16,SO2_24h,16,18,48,87,24,19,31,38,38,31,36,29,29,24,14,25,10,10,12,10,20,15,16,21,18,42,20,32,38,25,17,7,15,31,17,16,23,24,14,7,5,30,27,7,18,5,12,23,30,12,25,21,18,10,8,4,10,8,8,8,7,17,8,3,8,7,10,22,7,14,6,12,10,11,22,15,19,6,13,11,8,47,17,61,36,73,56,38,8,23,71,36,11,7,53,15,8,5,4,5,7,2,19,13,7,14,29,19,25,26,45,21,20,22,26,56,16,13,34,11,34,21,55,33,18,24,35,61,36,10,24,30,13,8,21,4,10,3,10,16,33,9,18,8,6,7,12,10,9,7,8,14,14,26,59,7,3,39,58,18,4,12,8,11,10,18,8,7,13,8,15,20,14,31,23,21,36,21,18,26,15,15,23,22,,19,17,22,7,16,29,40,33,40,69,16,20,44,4,14,5,4,2,47,20,16,13,15,5,6,4,10,20,10,16,3,9,13,15,6,27,23,7,22,49,42,5,21,17,19,8,36,30,30,2,11,21,6,5,13,22,38,37,15,17,21,27,89,35,34,22,20,42,17,20,31,21,23,15,26,17,20,22,30,9,9,40,23,7,42,18,35,2,12,3,9,17,43,23,16,7,19,9,13,8,13,16,8,18,4,12,10,22,6,16,21,15,27,20,16,10,6,5,10,60,16,14,19,8,4,13,8,13,8,13,6,5,10,39,11,3,6,11,19,34,9,7,5,17,6,8,8,6,10,8,9,14,5,8,17,25,3,11,5,4,4,6,4,13,16,10,18,144,7,14,4,8,11,3,11,8,25,6,13,23,21,18
20150501,16,NO2,18,12,24,27,24,24,20,18,19,6,24,17,40,18,18,21,29,19,27,21,26,29,12,13,16,31,19,23,27,20,15,11,18,29,18,25,31,24,26,9,10,25,13,13,23,29,27,20,17,18,60,45,17,27,15,8,12,5,5,11,10,15,13,8,18,15,13,11,6,21,21,17,10,14,17,8,26,9,12,7,16,16,12,19,14,24,23,14,25,9,17,16,18,9,18,22,7,9,5,8,4,4,19,9,3,7,24,13,21,14,29,11,19,20,10,28,13,15,7,23,21,13,25,24,21,23,55,39,24,36,45,16,13,4,9,6,10,5,14,10,15,12,6,12,7,13,7,28,14,17,19,26,8,18,7,8,18,26,11,9,6,31,10,18,10,6,7,10,10,6,22,22,40,42,45,17,34,12,28,30,10,17,11,17,,14,19,25,27,18,14,15,14,16,7,7,13,16,11,22,13,8,3,16,15,20,5,10,4,13,27,15,16,13,13,10,16,12,20,12,11,17,11,18,45,17,4,17,34,11,8,11,21,11,23,24,12,15,25,19,9,18,29,9,6,9,8,22,43,42,30,33,26,20,13,26,31,20,18,31,24,28,8,18,5,13,6,10,3,37,6,26,5,9,1,7,7,7,8,5,4,14,5,8,5,12,14,4,5,14,17,12,9,4,12,17,16,9,2,12,7,12,3,3,12,9,5,7,3,8,7,14,10,3,9,7,4,12,16,2,2,6,13,6,16,9,8,4,8,15,15,10,8,9,36,8,16,7,10,6,15,9,13,7,3,3,6,3,19,7,2,5,7,13,4,5,4,16,3,5,22,29,10,7,19,9,15
20150501,16,NO2_24h,48,25,40,59,35,27,35,19,32,29,38,21,47,22,17,36,38,37,42,27,49,47,14,21,29,33,41,48,42,24,20,15,25,41,35,44,45,36,31,25,16,50,33,17,28,29,36,37,34,16,53,47,29,33,27,12,19,7,9,24,14,20,25,9,22,28,24,22,13,22,36,29,19,42,29,18,22,11,24,11,13,32,32,34,23,49,53,23,32,23,31,30,30,29,33,24,11,11,6,18,6,5,38,9,20,18,26,13,19,24,55,12,30,37,47,32,37,19,13,25,26,28,35,36,21,31,37,41,26,34,33,28,15,10,25,13,16,9,20,20,34,14,16,13,11,25,13,20,17,22,20,25,13,23,14,19,16,37,34,21,8,48,13,25,37,14,20,20,17,6,29,38,47,44,33,37,45,14,48,41,10,23,33,45,,34,36,31,35,22,17,19,13,26,8,14,16,24,13,21,14,7,5,21,30,36,31,41,24,17,20,30,20,14,22,13,22,17,22,19,17,26,17,21,54,21,9,50,43,21,16,8,26,16,18,30,15,25,20,23,14,23,25,18,13,16,22,32,40,29,42,29,27,21,22,26,30,44,28,33,31,34,15,19,11,26,12,15,18,32,18,29,7,18,3,12,16,13,12,11,10,22,18,13,15,13,23,13,14,30,21,19,12,5,32,21,38,9,2,23,9,18,4,6,28,7,13,12,8,11,27,17,26,4,13,12,10,12,28,3,3,13,14,9,13,19,15,15,13,31,23,12,14,12,54,13,33,14,11,16,20,16,21,10,10,10,15,6,32,9,13,11,19,16,16,8,18,19,11,15,22,28,15,11,32,11,20
20150501,16,O3,69,158,69,220,93,127,94,85,95,75,194,188,129,46,94,155,120,167,93,156,215,187,140,130,150,238,186,225,226,155,141,122,61,213,153,131,104,243,192,145,148,152,185,130,82,115,105,80,177,112,70,75,62,47,50,39,51,42,39,69,54,73,67,40,60,146,127,108,146,43,141,108,114,73,71,78,122,164,188,162,103,113,172,219,210,189,173,180,133,178,201,198,115,127,192,50,135,78,43,51,107,54,74,151,42,55,223,85,24,33,52,54,128,129,116,162,191,62,174,69,66,124,68,21,95,203,36,35,45,37,77,77,34,86,85,72,117,40,139,80,144,79,81,153,33,99,137,74,44,84,65,49,141,131,127,115,117,169,149,98,107,111,115,115,133,147,113,109,86,90,163,175,73,149,109,215,121,227,224,249,127,139,173,177,,67,93,150,95,21,100,34,25,63,44,125,111,106,129,89,91,65,115,120,125,156,129,144,157,93,87,137,99,131,119,121,119,103,80,160,78,170,141,206,78,39,91,92,173,90,79,8,72,45,80,69,91,64,140,65,56,69,90,54,57,59,85,111,109,61,168,156,122,86,186,111,82,44,97,72,76,111,91,82,71,85,80,103,77,74,108,62,69,74,23,52,84,101,115,50,104,95,119,108,84,114,100,127,96,47,47,70,121,81,70,160,74,141,89,84,35,110,77,110,110,114,125,78,117,108,120,121,138,113,58,116,110,109,88,110,110,70,92,62,61,110,96,115,145,101,149,106,135,129,126,75,146,130,119,140,143,112,165,16,84,81,121,63,92,17,56,68,108,124,48,84,107,108,85,116,72,114,79,105,135,96,109
20150501,16,O3_24h,221,238,172,241,97,135,215,252,224,181,201,210,147,136,158,156,135,176,100,159,216,224,150,146,151,244,197,228,232,155,160,138,62,250,238,154,122,243,210,164,214,189,192,177,102,151,127,276,201,124,157,224,111,179,76,53,134,74,65,202,151,121,81,51,114,166,130,113,146,146,148,108,114,73,86,114,124,166,188,162,131,129,206,219,210,192,205,191,146,193,201,200,127,130,197,114,140,86,51,66,137,56,171,165,70,56,223,194,133,105,153,136,137,138,137,162,210,98,177,121,69,125,130,162,109,208,207,173,164,145,183,162,80,109,88,86,122,44,145,135,144,138,114,154,60,107,143,130,136,118,108,161,141,133,133,116,117,191,189,99,120,118,123,129,145,153,115,116,101,101,199,181,94,161,170,215,127,228,224,249,129,140,142,180,,83,169,150,119,96,219,117,124,194,79,125,200,119,129,201,108,119,115,134,147,191,174,164,185,148,123,155,111,138,119,123,125,162,107,170,98,183,149,206,92,56,98,121,190,90,115,27,95,64,117,105,138,122,153,116,128,146,206,138,99,156,184,189,156,160,171,166,167,146,189,155,147,161,144,179,200,178,183,143,92,93,99,131,83,83,125,70,92,80,29,60,84,103,83,74,104,95,119,136,150,147,217,162,146,71,74,112,157,85,88,166,95,145,100,132,39,110,77,118,129,114,126,84,119,108,129,127,142,115,70,125,110,112,88,114,117,118,105,164,170,110,119,115,145,101,149,106,135,165,126,75,146,130,119,140,143,112,176,26,88,81,121,63,94,19,62,79,110,131,101,85,107,111,87,117,173,116,149,132,135,117,116
20150501,16,O3_8h,81,148,68,161,69,99,124,83,147,118,154,171,109,48,69,144,103,159,84,135,173,147,128,110,127,163,139,162,158,111,115,122,49,183,135,126,94,172,166,146,134,146,162,128,79,93,72,63,154,113,84,84,61,45,44,40,46,41,36,59,57,55,62,33,55,100,102,100,116,41,97,73,84,53,60,68,98,134,162,136,90,102,131,153,177,134,158,127,119,145,159,158,114,115,159,37,124,55,42,48,101,46,42,145,24,49,190,85,77,22,58,79,121,117,109,118,182,65,139,102,62,107,59,39,93,178,76,65,43,33,60,76,26,75,65,60,93,41,94,65,103,66,72,102,31,75,121,64,40,67,45,50,118,114,96,85,99,145,130,84,108,92,106,100,125,118,94,100,80,77,133,139,65,104,123,168,90,181,171,204,116,96,72,156,,61,78,117,68,52,84,44,27,57,41,106,173,106,103,77,97,56,104,120,122,155,124,134,151,122,110,125,95,120,102,87,99,99,71,113,78,139,128,182,67,36,87,75,168,74,78,7,69,45,72,44,88,47,125,78,48,55,87,59,64,48,73,127,118,93,143,128,120,91,173,104,81,78,75,69,84,90,73,84,55,74,63,89,78,62,89,51,55,51,21,51,53,64,60,36,79,68,83,94,69,91,79,89,88,38,47,68,98,64,45,119,72,122,61,90,28,93,62,98,110,104,103,76,111,99,88,113,98,93,52,96,93,104,68,101,95,62,75,69,67,83,71,94,114,72,132,90,101,101,91,61,104,101,101,112,115,94,136,14,67,67,98,53,75,17,44,57,85,74,62,66,69,62,70,96,90,82,73,105,118,95,104
20150501,16,O3_8h_24h,210,198,173,211,83,114,201,234,217,178,190,204,134,129,149,147,117,160,84,142,173,196,140,138,130,175,162,197,163,133,153,151,53,203,200,151,112,180,192,158,181,184,167,174,86,164,124,154,193,117,166,196,116,147,81,58,125,81,63,185,147,112,68,53,116,163,102,100,135,134,97,77,86,61,97,125,128,160,162,137,139,137,214,195,201,187,204,170,123,184,168,188,121,115,187,105,131,70,56,86,139,54,153,163,60,52,195,193,124,102,134,124,122,125,130,135,183,100,141,103,62,107,117,153,99,180,201,173,154,135,190,159,100,117,69,78,112,41,128,123,111,129,102,129,59,76,142,127,134,135,96,152,118,124,99,92,101,192,165,98,108,109,123,125,125,140,97,107,102,98,166,161,86,154,169,171,110,185,186,204,130,96,105,156,,79,165,122,121,85,203,111,112,178,81,106,175,106,104,197,106,91,104,133,141,179,155,162,188,122,117,158,109,129,105,96,105,120,107,113,97,141,130,182,74,47,90,111,169,76,96,158,80,57,115,88,128,122,158,104,112,146,196,118,92,121,168,172,146,153,151,163,162,140,173,162,142,137,145,177,176,173,172,136,102,88,105,155,78,66,108,93,94,100,27,59,70,91,73,65,89,78,89,127,131,143,183,171,136,66,69,111,155,84,81,119,90,122,64,115,28,93,62,113,124,107,103,80,111,100,103,116,114,101,60,109,101,110,78,101,114,128,129,161,160,83,126,94,126,76,137,110,101,167,91,61,104,108,101,114,115,94,157,21,72,67,107,55,85,18,59,71,90,118,81,82,81,100,78,96,169,101,138,117,118,107,123
20150501,16,CO,0.492,0.535,0.46,0.907,1.076,0.608,0.705,0.742,0.565,0.655,0.515,0.96,0.551,1.473,0.647,0.555,0.36,0.644,0.534,0.613,0.693,0.632,0.458,0.682,1.25,1.034,0.602,0.829,1.289,1.089,0.822,0.459,1.416,0.778,0.621,0.713,0.472,0.882,0.579,0.542,0.458,0.708,0.817,0.645,0.793,0.665,0.773,1.041,0.704,0.551,1.905,0.913,0.638,0.816,0.718,0.616,0.586,0.716,0.484,0.491,0.63,0.739,0.715,0.439,0.584,0.5,0.584,0.58,0.316,1.639,0.799,0.953,0.724,0.431,0.745,0.447,1.025,0.419,0.463,0.505,0.881,0.968,0.877,1.272,1.087,1.946,1.159,0.644,1.667,0.472,1.392,0.716,0.467,0.355,1.06,0.981,0.831,0.778,0.62,0.767,0.606,0.68,0.513,1.028,1.006,0.445,1.557,1.111,0.998,1.36,1.095,0.53,1.215,0.931,0.702,0.831,0.472,0.62,0.586,0.603,0.533,0.868,0.67,0.969,1.174,1.744,1.401,0.686,0.855,1.018,0.984,0.867,0.819,1.137,0.764,0.662,0.575,0.422,0.485,0.456,1.209,0.362,0.338,0.67,0.525,0.668,0.727,0.957,0.726,1.401,0.935,0.533,1.12,0.836,0.162,0.878,0.562,0.454,1.022,0.423,0.411,0.377,0.43,0.363,0.745,0.508,0.336,0.204,0.975,0.477,0.741,0.788,0.324,1.307,1.443,0.565,0.853,0.558,0.539,0.597,0.546,0.921,0.764,0.766,,0.181,0.595,1.43,0.751,1.095,0.579,0.794,1.451,0.451,2.61,0.26,0.456,0.257,0.298,0.528,0.317,0.49,0.523,0.843,0.566,0.415,0.604,0.412,0.479,0.506,0.492,0.608,0.806,0.43,0.355,0.282,0.322,0.465,0.352,0.609,0.306,1.066,0.757,0.756,1.049,0.589,0.105,0.741,0.765,0.482,0.741,0.5,0.53,1.101,0.885,1.36,1.175,1.307,1.597,0.679,1.25,0.795,1.266,0.977,0.602,0.751,0.859,0.583,0.785,1.102,1.11,1.36,0.905,1.007,0.522,0.943,1.712,0.281,1.213,0.786,1.424,1.726,1.115,1.361,0.908,0.649,0.535,0.549,0.781,0.41,0.827,1.616,0.248,0.607,0.293,0.903,1.02,0.74,1.868,0.797,0.857,0.523,0.68,0.521,0.528,0.167,0.475,0.187,0.453,0.407,0.38,0.714,0.241,0.276,0.464,1.14,0.45,0.523,0.143,0.775,0.598,0.446,0.247,0.903,0.39,0.771,0.955,0.478,0.367,0.629,0.247,0.337,0.352,0.672,0.486,3.117,0.22,0.172,1.49,2.862,0.192,0.69,2.868,1.29,2.478,0.713,0.563,0.775,0.516,0.486,0.706,2.099,0.568,0.462,0.277,0.219,0.572,0.262,0.011,0.365,0.311,0.487,0.195,0.693,1.602,0.394,0.574,0.36,0.466,1.109,0.296,0.495,0.575,0.762,1.064,0.704,0.423,0.371,0.465,0.195,0.984,1.318,0.718,1.017,2.124,2.877,0.857
20150501,16,CO_24h,1.144,0.748,0.797,2.515,1.077,0.664,0.937,0.971,1.023,1.766,0.774,1.02,0.876,1.63,0.651,0.91,0.44,0.692,0.457,0.646,0.864,0.818,0.546,0.965,1.365,1.282,0.915,1.234,1.474,0.92,0.934,0.525,1.6,0.884,0.826,0.939,0.557,0.874,0.623,0.714,0.526,0.74,0.689,0.607,1.015,0.693,0.707,1.113,1.017,0.682,1.579,0.959,0.84,0.846,0.762,0.569,0.652,0.775,0.571,0.619,0.655,0.73,0.889,0.611,0.648,0.658,0.581,0.785,0.458,1.493,0.798,0.993,0.689,0.728,1.026,0.974,0.772,0.479,0.496,0.518,0.82,1.151,0.83,1.514,1.338,2.125,1.853,0.772,1.058,0.683,1.395,1.013,0.463,0.46,1.086,1.026,0.917,0.772,0.631,0.966,0.642,0.678,0.872,1.008,1.158,0.729,1.472,1.257,0.99,1.706,1.529,0.895,1.394,1.159,1.25,0.754,0.635,0.686,0.55,0.632,0.743,1.202,0.904,1.241,1.364,1.867,1.087,0.817,1.07,1.172,1.207,0.957,0.854,1.252,1.147,0.762,0.671,0.476,0.695,0.764,1.349,0.558,0.611,0.764,0.698,0.811,0.815,0.985,0.826,1.455,0.992,0.616,1.248,0.703,0.5,0.941,0.503,0.449,2.029,0.807,0.424,0.464,0.474,0.41,0.717,0.582,0.452,0.268,1.048,0.496,0.891,0.936,0.704,1.034,1.115,0.905,1.158,0.666,0.773,0.644,0.607,0.937,0.901,0.789,,0.296,0.744,1.265,0.694,1.64,0.65,1.225,1.568,0.982,2.711,0.389,0.706,0.368,0.331,0.491,0.484,0.471,0.617,0.985,0.819,0.834,0.905,1.103,0.876,0.607,0.396,0.774,0.885,0.571,0.752,0.21,0.407,0.624,0.361,0.602,0.4,0.924,0.828,0.682,1.059,0.675,0.144,0.947,0.796,0.492,0.735,0.501,0.693,1.099,0.846,1.201,1.161,1.215,1.042,0.649,1.135,1.104,0.799,1.139,0.686,0.855,1.155,0.678,0.836,0.649,1.193,0.901,0.87,0.974,0.62,1.088,1.539,0.839,1.144,0.99,1.67,1.537,1.144,1.177,1.002,0.786,0.758,0.719,1.232,0.525,1.28,1.597,0.49,0.578,0.332,0.976,1.252,0.762,1.983,0.855,0.993,0.671,0.76,0.399,0.636,0.35,0.781,0.37,0.606,0.716,0.689,0.829,0.49,0.272,0.737,1.069,0.541,0.423,0.318,1.229,0.605,0.569,0.32,0.982,0.691,0.533,1.178,0.538,0.492,0.384,0.66,0.371,0.477,0.653,0.536,3.169,0.317,0.208,1.835,2.908,0.262,0.866,2.926,1.516,2.583,0.904,0.43,1.068,0.547,0.72,0.758,2.13,0.761,0.508,0.478,0.399,1.09,0.4,0.303,0.321,0.381,0.561,0.341,0.894,1.637,0.367,0.652,0.465,0.516,1.055,0.417,0.515,1.378,0.834,1.405,0.686,0.723,0.424,0.511,0.313,0.845,1.289,0.819,1.152,2.185,3.108,1.057
20150501,17,AQI,52,141,59,146,131,83,71,64,89,104,107,118,89,61,103,91,59,103,333,86,127,102,78,66,83,195,96,121,116,76,72,72,76,132,86,81,77,131,116,93,84,94,110,77,79,61,100,51,103,62,160,78,39,32,45,36,25,24,22,32,38,33,39,39,29,61,60,55,72,53,61,80,57,55,40,38,68,87,111,89,67,77,111,127,128,110,108,113,72,97,114,112,64,67,116,27,74,31,27,70,56,29,29,91,50,27,140,53,102,24,56,95,70,71,66,92,130,48,90,122,63,64,81,60,78,131,256,117,25,63,53,67,49,38,38,34,53,21,55,36,66,36,59,64,43,44,75,44,48,73,50,30,75,69,56,49,58,114,83,45,59,49,60,55,74,73,53,56,41,41,90,93,64,94,76,128,83,133,128,151,66,128,80,101,,42,92,120,83,43,56,57,58,39,46,61,247,56,61,93,90,75,58,176,87,117,74,90,102,165,109,77,65,72,63,59,56,93,53,308,39,98,82,133,81,76,60,94,113,78,80,89,35,87,60,63,57,27,76,85,50,59,113,48,39,49,42,104,87,186,95,138,103,87,121,108,104,59,96,71,83,97,83,85,31,40,41,53,40,53,54,37,54,40,39,49,40,41,52,46,44,49,48,49,54,53,42,49,46,21,36,35,55,56,44,79,38,76,71,47,32,49,34,58,65,56,64,40,63,53,53,66,63,56,38,64,50,57,110,59,52,33,56,35,34,58,49,54,73,53,85,55,62,58,60,52,75,72,76,70,91,69,86,46,48,48,56,41,54,60,134,393,242,49,33,36,41,41,173,57,54,82,39,57,67,79,57
20150501,17,PM2.5,29,75,41,111,99,53,28,45,55,37,48,63,60,28,57,35,24,37,88,49,45,51,36,22,42,146,44,37,60,53,44,26,44,58,32,35,56,58,42,40,26,58,60,55,43,32,75,23,50,12,121,57,23,17,16,10,12,11,15,16,26,15,16,13,13,18,30,11,29,21,21,50,16,19,18,16,40,19,20,17,48,56,83,96,70,82,54,84,13,41,70,46,21,11,79,16,37,11,11,50,37,10,13,45,35,12,51,17,74,14,32,49,25,20,19,68,33,25,26,60,44,42,59,42,57,95,205,88,17,44,36,45,17,17,21,8,23,8,16,16,15,11,32,17,25,25,15,24,33,47,20,18,11,10,14,13,40,57,21,13,14,15,10,12,19,21,7,8,7,12,51,43,45,57,46,32,61,34,48,62,28,89,58,45,,29,68,90,61,23,39,18,40,14,19,8,109,33,16,64,39,30,15,46,32,38,28,23,55,70,81,29,20,24,21,15,27,32,30,68,9,73,58,50,55,55,41,70,46,57,53,66,24,64,42,44,25,15,37,62,34,37,84,33,25,32,29,77,64,140,40,105,76,64,66,80,77,23,71,50,56,72,61,62,17,13,27,29,19,36,35,16,34,13,13,13,16,25,29,18,20,24,30,9,16,22,15,23,10,7,16,5,16,22,14,11,22,36,15,6,9,22,,29,19,12,20,10,12,21,12,27,18,24,14,21,7,24,32,41,11,15,25,9,7,17,11,16,17,9,17,15,13,11,9,16,40,25,23,34,67,29,40,31,23,16,24,16,11,14,64,95,83,28,5,9,10,9,74,8,37,60,20,31,29,26,19
20150501,17,PM2.5_24h,138,90,93,153,80,65,108,77,95,148,84,88,76,74,57,46,36,48,46,48,70,71,48,45,68,98,73,63,70,68,63,28,55,86,55,67,66,61,58,61,37,65,60,64,52,53,58,52,89,13,84,59,43,22,20,11,17,13,13,23,27,18,19,11,23,32,26,21,29,44,41,54,34,35,37,36,88,44,31,36,48,88,70,111,92,83,90,97,25,55,79,57,27,22,73,27,49,9,12,52,44,10,25,70,23,17,66,65,53,46,82,85,41,27,43,55,54,21,40,47,53,53,57,71,61,60,135,95,51,75,66,69,42,44,47,11,24,8,29,46,23,30,62,24,46,51,24,41,52,55,35,46,19,17,61,21,35,62,54,25,11,29,18,23,22,34,21,24,14,13,72,56,57,77,50,66,85,56,67,67,35,90,96,53,,56,74,69,50,56,48,53,71,80,31,48,96,28,52,72,27,78,33,51,45,55,53,50,67,37,49,38,26,32,30,11,28,40,31,34,12,67,60,53,65,53,38,110,45,50,52,70,25,59,52,43,49,33,60,62,47,56,55,43,47,54,63,76,55,79,68,75,68,48,84,67,64,63,69,67,66,67,67,61,73,23,36,33,42,40,70,41,55,21,14,16,20,23,31,35,25,25,26,10,34,60,34,48,20,40,37,18,35,20,22,29,49,25,41,34,12,24,5,33,40,10,23,18,15,25,24,35,30,21,13,22,17,48,55,40,7,26,50,38,34,28,28,38,21,44,36,37,37,31,36,20,75,35,56,42,69,46,38,68,28,30,35,28,14,19,105,161,151,27,15,10,20,28,103,18,57,52,41,46,44,32,41
20150501,17,PM10,51,229,58,175,150,113,79,76,94,156,96,129,126,70,153,90,43,131,445,68,83,82,68,66,90,129,79,84,121,99,84,48,100,88,53,58,99,98,71,64,34,79,69,65,106,70,110,50,98,32,172,81,38,31,44,35,21,23,20,23,34,32,38,38,23,36,51,33,65,53,55,107,62,57,39,29,83,51,41,46,69,95,169,161,91,124,102,143,41,113,120,115,32,32,180,26,61,21,26,55,53,28,28,57,19,25,102,53,151,23,60,137,66,57,46,124,81,47,107,192,69,76,87,60,97,209,252,127,20,53,51,81,48,18,37,33,43,16,44,35,37,24,66,57,42,43,25,43,45,94,49,29,55,42,35,48,59,175,35,44,,42,49,45,43,54,54,28,14,33,79,67,76,135,99,100,106,70,78,104,69,204,96,73,,39,91,157,84,42,59,62,36,38,45,40,382,43,67,134,128,98,43,300,122,181,59,50,129,278,154,90,77,78,74,66,60,134,53,425,20,114,87,96,109,89,67,109,73,83,108,85,34,84,59,60,61,26,76,98,49,65,110,46,38,48,40,113,99,183,91,162,151,114,97,162,145,66,116,89,114,108,91,100,25,36,40,53,35,52,56,36,56,39,38,48,39,40,51,45,43,48,47,37,55,53,30,48,16,11,35,20,56,60,43,19,34,71,89,11,31,34,16,41,31,22,48,27,34,41,53,43,55,31,37,76,27,40,167,26,25,31,59,4,6,63,48,50,50,53,33,58,53,37,68,51,98,92,100,84,129,85,83,45,47,47,43,40,56,67,215,493,378,48,22,25,33,40,293,38,46,100,38,43,76,105,34
20150501,17,PM10_24h,177,114,150,205,129,129,157,165,165,219,165,150,149,149,184,98,62,128,182,67,111,92,68,81,104,145,108,120,123,102,95,55,102,128,86,104,98,84,80,87,52,93,77,82,105,80,89,116,160,32,156,122,70,40,41,25,30,20,24,32,48,33,42,24,43,56,48,46,57,136,70,121,139,104,60,54,178,121,52,53,66,131,131,177,135,139,165,173,46,124,132,102,43,43,143,43,67,22,21,68,59,22,64,67,31,32,115,151,104,106,166,149,91,65,99,87,132,55,104,129,72,75,103,137,100,113,207,149,117,108,105,119,73,63,74,32,42,18,46,68,53,50,86,54,78,78,36,100,124,151,103,133,64,52,179,66,101,145,87,64,15,45,37,46,43,58,74,38,24,28,96,76,80,121,79,102,119,78,96,106,53,154,146,86,,88,153,119,71,105,96,121,125,153,68,168,201,68,182,163,79,239,108,147,111,132,88,101,126,177,110,94,68,85,65,35,49,98,61,233,35,103,87,86,119,85,56,127,73,65,95,81,38,78,68,70,79,47,83,124,76,108,115,57,73,89,103,120,93,125,116,114,129,117,125,129,102,102,111,120,116,97,112,105,97,43,54,80,54,51,112,70,82,39,28,40,39,37,67,64,39,45,41,35,79,84,51,67,51,65,68,34,67,44,40,44,74,48,109,53,35,35,20,55,86,26,46,37,38,39,75,45,64,34,33,31,30,61,183,39,18,44,125,82,82,99,59,77,69,136,51,133,80,69,77,39,132,60,108,83,145,136,82,147,71,91,74,85,54,83,307,616,527,80,38,31,71,70,432,42,114,84,48,60,97,115,69
20150501,17,SO2,2,6,16,32,27,12,16,26,36,5,24,40,25,8,16,13,8,9,12,9,15,10,14,16,18,33,14,19,37,30,17,8,12,16,11,7,21,27,11,5,4,8,28,7,14,6,13,11,22,12,22,12,11,5,5,2,7,7,5,5,6,10,8,2,7,6,9,11,6,10,6,8,8,9,12,8,23,11,10,11,5,21,14,80,21,45,22,26,4,16,44,15,8,4,37,13,6,5,4,4,8,2,12,12,5,5,24,10,12,5,21,10,17,22,18,49,14,15,10,9,31,13,26,14,37,27,14,21,13,8,19,16,10,9,6,3,9,3,11,8,50,12,16,9,6,3,15,9,6,7,6,8,21,21,51,12,3,47,31,20,4,9,8,11,8,11,6,4,13,7,12,18,11,35,21,19,29,9,14,32,13,22,12,9,,6,8,23,6,9,15,13,16,20,45,16,2,33,5,11,4,4,2,37,13,7,9,4,5,1,3,9,17,10,7,4,12,10,3,4,22,25,6,40,40,15,7,15,12,15,7,20,20,22,5,6,18,7,7,9,26,6,41,7,6,12,12,70,40,19,28,41,35,13,15,71,11,11,11,16,2,10,18,23,1,8,11,18,3,14,7,46,1,10,2,7,11,20,17,12,6,21,4,24,4,11,4,3,3,7,12,9,23,10,14,17,8,14,7,11,10,12,10,7,17,14,37,18,8,6,11,6,8,17,19,5,5,9,45,7,3,5,11,13,7,9,7,2,15,3,2,17,4,6,2,7,1,5,8,22,24,2,9,2,5,4,5,7,14,16,6,13,76,5,11,4,6,10,3,7,3,30,2,9,22,20,15
20150501,17,SO2_24h,15,17,48,84,23,19,31,37,38,30,37,29,29,24,13,25,10,11,12,10,20,14,16,21,18,43,20,31,39,25,17,6,15,31,16,16,22,25,13,7,5,29,28,7,18,5,12,22,30,12,26,21,18,9,7,4,9,7,7,7,6,17,8,3,7,7,10,22,7,13,6,12,10,11,22,14,18,6,14,11,8,46,16,61,36,72,55,37,8,23,72,35,11,6,54,14,8,5,4,5,7,2,19,13,6,14,29,18,24,24,44,21,20,23,25,56,15,13,34,11,35,21,55,33,19,25,34,61,35,9,24,30,13,7,20,4,10,3,10,15,34,9,17,8,7,7,12,10,8,7,7,13,14,25,59,7,3,39,55,18,4,11,7,11,10,17,8,7,13,8,14,19,14,32,23,21,36,20,18,28,15,16,23,22,,18,17,23,7,16,29,40,31,39,65,17,20,44,4,14,5,4,2,48,20,16,12,15,5,6,4,10,20,10,16,4,9,13,15,6,27,23,7,23,44,42,5,21,17,20,8,36,30,30,2,10,21,6,5,13,22,38,38,14,16,21,27,91,35,34,23,21,43,17,20,34,20,22,15,26,17,20,21,31,9,13,39,22,7,42,17,36,2,12,3,9,17,44,23,15,7,19,9,13,8,12,15,7,17,4,12,10,21,7,16,21,14,27,20,16,10,6,6,10,60,15,14,19,8,4,13,8,12,15,14,6,5,10,38,11,3,6,11,18,33,9,7,5,18,7,8,8,6,10,8,9,14,5,8,17,25,3,11,5,5,4,6,3,13,16,10,18,146,7,14,4,8,10,3,11,8,24,6,13,23,22,18
20150501,17,NO2,21,15,18,35,25,29,19,19,24,7,27,20,49,17,19,23,34,21,27,22,29,31,12,12,19,37,23,26,35,22,14,12,19,35,20,27,35,27,26,13,13,29,19,15,25,29,31,18,23,19,53,57,22,27,17,8,13,5,5,9,10,12,13,10,21,16,13,13,6,25,21,15,10,14,18,8,23,9,13,9,16,18,16,22,14,24,24,16,19,9,19,16,21,11,19,28,8,9,5,7,5,6,19,9,3,7,25,15,23,17,32,14,25,24,17,31,14,16,12,23,22,16,20,23,28,35,46,35,24,30,36,33,13,10,9,6,10,7,16,10,15,13,9,12,6,13,9,24,20,17,21,28,7,16,6,9,11,28,13,10,12,25,8,20,121,7,12,11,11,4,24,27,34,46,36,18,43,12,29,27,12,20,10,20,,13,17,28,29,17,13,17,15,14,4,7,8,17,13,24,16,7,3,16,16,20,5,12,5,16,29,21,16,14,13,10,20,11,17,15,11,30,13,11,46,17,5,20,36,12,12,10,23,12,21,25,10,16,23,16,12,13,26,18,4,11,9,26,36,44,31,35,27,22,15,32,29,20,15,29,22,23,13,20,5,16,7,14,4,37,7,35,3,9,2,7,8,9,8,6,5,19,6,9,4,14,12,3,4,14,16,10,9,4,10,18,15,8,2,10,6,26,5,2,12,10,5,8,3,8,7,15,11,6,9,12,3,10,62,2,2,6,12,6,14,14,8,3,8,16,14,10,8,10,33,9,16,8,9,8,17,10,13,7,3,5,7,4,18,7,2,9,7,9,5,4,2,6,6,5,18,33,10,8,16,10,15
20150501,17,NO2_24h,48,25,40,59,35,27,35,19,32,29,38,22,47,22,17,36,38,36,40,26,49,46,14,21,29,34,41,48,42,24,19,15,25,41,34,43,45,36,31,25,16,49,33,17,28,29,36,36,34,16,54,48,28,32,26,12,19,7,8,24,13,20,25,9,22,28,24,22,13,22,36,29,19,42,28,17,21,11,24,11,13,32,32,34,23,48,53,23,31,23,31,30,28,27,33,25,10,11,6,17,6,5,37,9,20,18,27,13,19,24,55,12,30,37,46,32,36,19,13,25,26,28,35,37,22,32,39,41,26,34,33,31,14,10,25,11,16,9,20,20,34,14,16,13,11,25,12,20,17,22,20,26,13,24,14,19,16,37,34,22,8,46,13,25,35,13,20,19,17,6,29,39,48,46,33,37,45,14,48,42,10,23,33,45,,33,37,31,35,22,17,19,13,26,8,14,16,24,13,22,14,7,5,20,29,36,31,40,24,17,20,30,20,15,22,13,22,17,22,19,17,27,17,21,50,21,9,50,43,21,16,8,26,16,18,30,16,25,20,24,13,24,26,19,13,15,22,33,40,31,43,30,27,22,22,27,30,44,28,33,31,34,16,20,11,25,12,14,18,32,17,29,7,18,3,11,15,13,12,11,9,22,18,13,15,13,22,13,13,30,21,18,12,5,32,21,37,9,2,23,9,19,4,6,28,7,13,12,8,11,27,17,26,5,13,12,10,12,29,3,3,13,14,9,12,18,14,15,13,30,23,12,14,12,53,13,32,14,11,16,20,16,21,10,10,9,15,6,32,9,13,11,19,17,16,8,18,19,11,15,22,28,15,10,32,11,20
20150501,17,O3,64,101,68,203,98,87,83,85,80,71,186,152,98,48,95,154,113,157,86,155,212,185,130,121,149,199,175,225,208,154,138,120,63,186,155,124,97,224,171,136,140,135,171,138,82,112,103,82,175,108,23,57,57,58,46,37,52,40,29,62,52,65,67,34,57,151,123,105,145,40,140,112,115,74,70,85,116,165,192,161,106,111,169,218,206,178,179,177,125,165,201,195,104,122,179,48,137,69,38,66,116,49,72,141,41,55,225,84,23,29,44,51,113,130,112,156,182,70,150,64,69,127,77,21,94,144,23,33,46,35,81,75,37,71,87,83,121,38,143,81,144,90,87,168,33,92,142,75,37,86,65,46,145,133,125,108,121,157,147,93,104,112,110,106,131,137,102,107,83,90,167,165,76,144,141,224,106,214,227,252,126,133,156,133,,66,97,138,90,18,104,32,26,70,48,124,95,94,128,90,87,67,115,116,129,156,136,139,149,78,72,132,96,132,117,134,113,99,71,144,72,185,143,205,69,32,91,95,166,97,86,6,72,49,81,62,90,55,128,64,54,87,97,44,54,60,86,92,96,43,162,106,109,72,180,95,78,42,91,70,72,105,96,79,70,73,82,105,76,70,107,63,66,73,22,54,82,100,113,49,107,87,119,109,91,119,104,127,98,48,44,74,127,86,73,148,77,135,77,89,32,94,77,109,112,110,125,78,117,108,123,118,135,121,54,118,108,109,86,106,115,70,94,64,65,109,98,112,145,102,151,110,131,131,131,74,145,129,123,138,140,111,165,13,85,83,124,62,95,18,55,68,107,131,50,82,107,113,79,120,65,112,65,100,113,94,115
20150501,17,O3_24h,211,230,168,241,99,135,201,252,218,177,201,208,144,135,151,157,135,176,105,159,217,196,150,146,151,244,196,227,232,155,143,138,63,248,231,153,122,243,210,164,188,187,192,177,102,145,123,267,192,124,153,201,86,160,62,49,121,70,43,133,129,106,81,50,104,163,130,113,147,136,149,113,116,74,79,90,124,165,192,163,122,121,176,219,210,192,194,187,141,191,202,198,127,130,197,99,141,86,51,79,137,56,164,165,52,56,226,189,125,81,139,135,137,134,127,162,210,92,177,121,71,128,123,155,110,208,182,164,164,133,172,151,69,109,90,94,121,44,147,128,146,131,116,168,58,107,142,126,129,107,95,152,145,133,133,119,121,173,188,98,116,118,123,120,145,150,113,116,96,93,182,179,87,161,162,224,126,228,227,252,127,140,142,180,,77,161,150,107,94,219,116,124,194,73,125,200,119,129,187,108,119,115,132,141,186,157,164,183,148,120,145,111,138,119,134,125,161,105,170,93,194,151,207,83,56,98,118,190,97,115,27,95,64,108,89,136,103,149,105,102,137,190,116,98,146,181,179,155,150,171,161,156,142,189,151,141,161,139,172,189,166,183,138,91,91,88,117,83,83,123,68,80,77,29,61,84,102,81,68,107,95,120,128,139,147,172,155,138,71,72,110,157,86,78,166,94,145,100,117,39,110,77,118,129,114,127,82,120,108,130,127,142,121,70,120,110,112,88,114,116,115,100,164,170,110,101,115,145,102,151,110,135,160,131,75,146,130,123,140,143,112,176,26,86,83,124,63,95,19,61,81,110,133,101,85,108,113,87,120,166,116,145,132,135,109,118
20150501,17,O3_8h,83,149,73,182,75,105,124,83,145,118,166,178,116,48,74,148,109,162,91,141,188,161,132,117,138,182,154,182,176,123,125,125,54,194,142,135,99,192,176,150,139,151,169,131,83,96,77,68,162,113,72,82,64,51,45,41,49,42,32,63,57,59,67,36,56,111,110,104,125,41,112,83,94,60,65,75,104,143,170,145,94,107,145,170,189,149,167,142,125,155,174,172,115,119,173,40,127,61,43,60,106,48,50,148,28,52,202,86,70,24,60,72,122,123,117,128,191,66,146,100,64,114,64,32,97,180,68,61,42,35,64,80,28,75,72,64,102,41,104,67,117,70,76,115,31,85,128,65,40,72,50,49,128,121,106,92,104,157,138,88,109,96,110,104,127,126,96,105,80,81,146,150,70,116,128,189,99,195,189,215,118,108,73,160,,64,85,126,70,49,87,42,27,60,42,112,166,106,111,79,99,59,108,122,126,158,127,146,161,119,107,131,97,125,107,99,104,98,75,125,77,153,137,195,61,37,91,82,173,81,80,7,69,45,75,51,88,53,129,80,52,61,90,59,64,52,77,126,121,89,152,132,125,91,181,106,81,70,79,68,86,94,76,87,60,78,69,97,78,66,97,55,61,57,22,52,61,74,66,38,87,75,95,96,72,97,83,96,90,40,47,69,104,70,52,133,74,129,70,93,30,96,66,108,116,106,115,78,114,102,102,118,114,105,55,102,98,107,76,104,101,64,80,68,67,92,79,103,126,80,140,95,113,108,104,64,118,108,107,122,125,101,142,15,74,71,106,55,81,17,45,60,88,88,64,70,81,76,71,107,89,89,73,107,119,97,107
20150501,17,O3_8h_24h,210,199,173,211,83,118,201,234,217,178,190,204,134,129,149,149,119,163,91,144,188,196,139,137,138,182,162,197,177,134,153,151,56,206,200,150,112,192,192,159,181,184,169,174,89,164,124,154,193,117,172,196,115,150,80,58,125,81,56,185,147,112,69,53,115,163,110,104,135,134,112,83,94,62,95,121,127,160,170,145,137,131,214,195,201,187,204,170,128,184,174,188,121,119,186,105,131,70,56,86,139,54,153,163,60,53,202,193,124,101,134,124,123,128,131,135,191,99,146,103,64,114,117,153,100,182,201,173,154,135,190,154,100,116,72,84,112,41,128,123,117,129,104,129,59,85,142,127,134,135,96,152,128,127,106,94,104,192,165,98,109,109,123,125,128,140,97,107,102,98,166,161,86,154,169,189,110,195,191,215,130,108,108,160,,79,165,126,121,85,203,111,112,178,81,112,175,106,111,197,106,91,108,134,141,179,155,162,188,122,117,158,109,131,107,99,107,120,107,125,96,154,137,195,67,47,91,113,173,82,98,148,80,57,114,88,128,122,158,104,112,146,196,118,92,121,168,172,146,153,153,163,162,140,181,162,142,137,145,177,176,173,172,136,102,87,104,154,78,67,110,91,94,100,27,58,71,91,73,65,90,78,95,127,131,143,183,171,136,67,69,111,155,84,81,133,91,129,70,115,30,96,66,113,124,108,115,80,114,102,108,118,114,105,60,109,101,110,78,104,114,125,124,160,160,92,120,103,126,80,140,104,113,167,104,64,118,108,107,122,125,101,157,21,78,71,108,55,86,18,59,71,92,118,81,82,81,100,78,107,169,101,138,117,119,107,121
20150501,17,CO,0.5,0.573,0.307,0.896,1.133,0.647,0.626,0.716,0.549,0.574,0.502,1.249,0.697,1.404,0.652,0.578,0.4,0.591,0.602,0.637,0.7,0.636,0.459,0.658,1.267,1.185,0.629,0.831,1.364,0.724,0.822,0.449,1.467,0.748,0.603,0.758,0.491,0.866,0.541,0.6,0.464,0.724,0.819,0.697,0.841,0.658,0.728,1.083,0.772,0.553,1.642,1.116,0.678,0.804,0.72,0.623,0.57,0.714,0.494,0.484,0.627,0.593,0.706,0.439,0.617,0.498,0.575,0.584,0.298,1.614,0.742,0.853,0.705,0.442,0.646,0.437,0.764,0.406,0.473,0.528,0.825,0.931,1.031,1.294,1.016,1.885,1.262,0.658,1.303,0.435,1.347,0.732,0.459,0.35,0.993,1.122,0.854,0.781,0.638,0.794,0.62,0.728,0.538,1.022,0.977,0.428,1.591,1.15,1.089,1.337,0.858,0.424,1.106,1.013,0.978,0.85,0.47,0.582,0.633,0.607,0.578,0.858,0.637,0.958,1.229,1.955,1.179,0.598,0.856,1.043,0.968,0.885,0.797,1.134,0.744,0.757,0.625,0.442,0.531,0.453,1.224,0.352,0.341,0.711,0.516,0.629,0.783,0.93,0.746,1.401,0.944,0.604,1.099,0.719,0.147,0.935,0.574,0.451,1.078,0.422,0.389,0.359,0.446,0.37,0.71,0.482,0.333,0.205,0.964,0.474,0.758,0.817,0.29,0.779,1.058,0.652,0.939,0.533,0.556,0.47,0.531,0.925,0.796,0.773,,0.182,0.643,1.436,0.784,1.078,0.577,0.793,1.441,0.387,2.593,0.266,0.335,0.391,0.314,0.532,0.363,0.502,0.52,0.808,0.617,0.416,0.588,0.388,0.438,0.53,0.395,0.659,0.836,0.508,0.495,0.319,0.354,0.597,0.375,0.715,0.326,1.128,0.776,0.769,0.885,0.559,0.132,0.745,0.787,0.49,0.776,0.524,0.677,1.114,0.911,1.262,1.168,1.172,1.359,0.643,1.384,1.099,1.151,1.067,0.616,0.73,0.887,0.632,0.778,1.16,1.115,1.172,0.902,1.022,0.518,1.034,1.687,0.262,1.116,0.798,1.426,1.591,1.173,1.432,0.853,0.807,0.536,0.608,0.788,0.396,0.802,1.639,0.213,0.601,0.291,0.914,1.028,0.763,1.857,0.778,0.853,0.582,0.683,0.542,0.501,0.215,0.412,0.173,0.431,0.616,0.393,0.69,0.235,0.237,0.374,1.148,0.447,0.587,0.148,0.754,0.589,0.561,0.281,0.92,0.383,0.807,0.967,0.467,0.369,0.335,0.282,0.324,0.362,0.735,0.492,3.204,0.201,0.16,1.538,2.867,0.171,0.697,2.893,1.333,2.458,0.803,0.537,0.778,0.55,0.5,0.743,2.156,0.612,0.352,0.262,0.221,0.507,0.282,,0.164,0.293,0.512,0.191,0.709,1.605,0.404,0.558,0.376,0.389,1.098,0.292,0.48,0.56,0.681,1.089,0.684,0.47,0.323,0.443,0.192,0.868,1.389,0.689,1.193,1.972,2.927,0.896
20150501,17,CO_24h,1.136,0.735,0.79,2.502,1.084,0.671,0.935,0.95,0.988,1.757,0.769,1.036,0.883,1.634,0.649,0.908,0.44,0.689,0.482,0.639,0.874,0.807,0.533,0.958,1.371,1.297,0.908,1.233,1.49,0.936,0.931,0.509,1.607,0.887,0.814,0.938,0.561,0.877,0.623,0.716,0.515,0.743,0.699,0.612,1.024,0.692,0.71,1.118,1.011,0.674,1.558,0.971,0.834,0.84,0.758,0.57,0.648,0.765,0.45,0.61,0.649,0.724,0.883,0.609,0.643,0.652,0.584,0.783,0.455,1.499,0.805,0.993,0.691,0.726,1.019,0.959,0.729,0.474,0.499,0.518,0.819,1.144,0.826,1.51,1.335,2.124,1.831,0.769,1.08,0.686,1.404,1.009,0.462,0.454,1.098,1.016,0.911,0.772,0.629,0.954,0.642,0.678,0.853,0.999,1.154,0.727,1.477,1.259,1.001,1.684,1.374,0.876,1.399,1.16,1.251,0.755,0.631,0.694,0.562,0.638,0.75,1.204,0.905,1.234,1.373,1.882,1.103,0.819,1.052,1.171,1.202,0.958,0.851,1.247,1.133,0.788,0.666,0.475,0.681,0.752,1.356,0.544,0.607,0.758,0.688,0.807,0.816,0.972,0.814,1.451,0.97,0.609,1.254,0.696,0.499,0.944,0.504,0.454,1.975,0.808,0.422,0.457,0.473,0.41,0.719,0.574,0.446,0.266,1.044,0.495,0.876,0.936,0.663,1.046,1.12,0.91,1.166,0.667,0.766,0.51,0.589,0.95,0.91,0.795,,0.296,0.75,1.283,0.696,1.65,0.65,1.219,1.56,0.972,2.703,0.388,0.708,0.373,0.33,0.491,0.485,0.471,0.614,0.967,0.814,0.794,0.888,1.088,0.869,0.604,0.402,0.777,0.888,0.583,0.753,0.214,0.41,0.627,0.365,0.611,0.405,0.945,0.835,0.69,0.925,0.662,0.146,0.947,0.807,0.493,0.75,0.505,0.697,1.108,0.848,1.206,1.168,1.222,1.058,0.671,1.153,1.135,0.82,1.139,0.685,0.834,1.153,0.679,0.841,0.68,1.195,0.922,0.885,0.983,0.621,1.118,1.543,0.814,1.15,0.98,1.684,1.551,1.15,1.199,1.006,0.801,0.75,0.705,1.211,0.522,1.266,1.607,0.477,0.572,0.331,0.976,1.254,0.765,1.982,0.849,0.986,0.672,0.759,0.405,0.631,0.347,0.755,0.361,0.596,0.715,0.67,0.823,0.479,0.272,0.733,1.076,0.543,0.432,0.311,1.22,0.605,0.574,0.322,0.981,0.695,0.543,1.177,0.539,0.485,0.381,0.657,0.372,0.477,0.683,0.538,3.169,0.314,0.207,1.837,2.909,0.263,0.857,2.922,1.506,2.571,0.899,0.418,1.064,0.551,0.716,0.764,2.123,0.764,0.495,0.471,0.383,1.07,0.396,0.296,0.319,0.381,0.562,0.337,0.9,1.637,0.362,0.653,0.463,0.522,1.056,0.417,0.514,1.373,0.837,1.405,0.691,0.723,0.42,0.514,0.311,0.851,1.29,0.813,1.146,2.184,3.076,1.055
20150501,18,AQI,42,97,42,205,139,87,68,64,83,90,113,117,153,60,103,92,62,103,168,89,137,112,80,69,89,135,102,132,125,79,78,73,76,137,89,83,78,141,121,92,87,93,112,80,94,65,96,47,107,62,105,88,41,30,46,29,26,22,22,33,39,29,52,37,30,70,65,56,78,52,70,74,53,51,36,40,69,93,116,94,65,85,109,139,134,99,111,110,75,103,124,119,64,68,121,31,77,32,27,74,58,25,31,94,53,29,147,46,99,19,42,82,68,71,66,115,131,38,92,77,59,70,81,53,71,120,225,78,25,58,48,66,44,38,44,37,58,21,65,41,72,38,63,74,43,47,79,44,51,73,57,41,77,73,65,52,61,107,86,54,59,51,61,56,74,76,50,57,42,42,96,99,65,94,79,141,82,141,138,162,68,125,78,100,,46,89,126,91,42,55,44,56,38,48,65,500,64,66,95,81,74,60,121,81,100,76,92,105,123,89,79,68,75,68,71,68,93,51,158,38,103,88,139,86,74,66,82,116,77,85,97,46,98,60,69,65,34,76,85,41,59,109,53,39,39,40,113,85,196,99,121,114,81,122,126,106,56,106,64,89,91,82,80,33,41,48,62,40,49,60,54,40,32,44,44,40,46,46,53,48,44,56,50,51,62,45,54,48,22,50,36,60,50,47,86,39,80,70,46,31,49,35,60,66,56,70,40,65,55,61,67,72,56,40,67,53,59,99,57,57,34,54,34,33,64,51,59,81,52,88,56,71,64,62,54,76,70,74,75,91,61,91,43,44,52,61,53,52,59,138,500,155,56,34,37,47,45,169,63,44,94,36,57,66,134,59
20150501,18,PM2.5,28,72,28,154,106,63,21,42,47,36,47,66,116,27,54,35,24,36,66,52,47,55,37,20,52,102,45,35,59,51,47,26,48,57,37,37,57,58,41,52,28,58,68,58,48,32,71,21,52,11,78,65,25,19,17,10,12,12,15,15,27,16,18,12,15,20,19,11,27,21,20,44,19,17,18,19,40,15,23,19,46,62,71,106,58,73,55,82,17,36,73,50,21,12,70,17,39,10,9,53,37,11,12,49,36,11,58,22,70,9,25,49,21,21,18,86,29,23,30,56,41,46,59,36,51,87,174,57,17,40,30,47,21,10,21,12,27,9,18,17,15,13,32,28,26,25,12,23,35,47,21,22,15,7,12,20,43,57,24,12,11,16,14,14,19,17,9,11,11,10,59,46,44,51,41,41,57,34,46,61,24,72,57,47,,32,66,95,67,19,37,14,39,13,24,13,110,45,16,64,39,26,14,46,39,34,27,24,55,55,66,32,20,30,20,21,31,34,33,74,12,75,56,61,63,53,45,60,44,56,62,72,28,73,42,49,23,16,40,62,20,35,81,36,27,27,28,84,62,147,40,91,85,58,76,95,79,14,79,45,57,67,60,58,16,15,25,28,18,34,41,25,25,15,14,15,17,20,29,20,23,23,33,9,14,28,17,22,6,12,18,6,14,22,16,20,14,41,5,7,12,30,3,25,10,11,14,12,7,18,11,33,18,21,9,33,5,29,38,32,18,17,27,10,8,17,10,16,20,9,20,17,13,15,11,22,32,22,25,28,67,25,37,29,29,18,23,16,10,18,73,164,77,31,6,6,8,10,69,13,16,70,21,31,19,23,22
20150501,18,PM2.5_24h,137,86,92,153,80,65,106,75,93,146,84,88,78,74,57,46,36,47,48,47,71,70,46,45,69,101,72,63,71,69,63,27,56,86,55,67,66,62,58,62,36,65,61,64,53,53,59,51,88,13,85,60,42,21,20,11,16,13,13,22,28,17,18,11,23,31,26,21,29,42,40,55,31,34,35,34,87,43,31,35,48,88,71,112,91,82,88,98,24,55,79,57,26,21,74,27,49,9,12,52,43,10,22,69,23,17,66,65,54,45,79,84,40,27,42,57,53,22,40,48,54,54,57,70,61,62,137,95,49,74,64,68,41,42,45,11,24,8,28,44,23,29,61,23,45,51,23,40,51,56,33,45,20,14,59,21,39,62,53,25,10,28,18,22,22,33,19,23,14,13,71,56,56,77,50,67,85,56,68,67,32,91,95,54,,56,75,71,51,54,48,52,70,78,31,44,98,29,47,72,28,78,28,50,45,53,52,49,67,39,50,38,25,32,30,12,28,40,32,36,12,69,61,55,65,54,39,110,45,51,54,71,26,61,52,44,48,30,60,63,45,55,57,42,47,52,61,77,56,83,67,80,70,49,84,70,65,60,78,67,67,68,67,61,71,23,35,32,41,39,69,39,53,20,14,16,20,23,32,34,25,20,27,9,33,59,32,47,19,39,36,16,34,20,21,28,47,26,40,33,12,24,5,32,40,10,23,18,14,25,24,34,30,21,14,22,16,47,55,36,7,25,49,36,33,28,25,36,21,39,36,34,35,29,35,19,73,35,56,42,68,45,38,61,27,27,35,25,14,18,100,159,147,28,15,9,20,28,100,18,57,54,40,45,44,32,41
20150501,18,PM10,,126,41,158,150,122,45,75,73,127,97,144,201,68,154,86,41,119,284,75,77,92,74,64,98,136,83,82,138,92,85,54,100,87,59,60,98,92,67,79,38,85,117,74,136,78,104,46,103,26,115,101,40,29,45,28,23,20,17,24,34,22,51,36,29,39,37,38,60,51,56,96,54,50,35,30,85,49,43,45,70,117,165,141,80,132,106,147,38,106,125,169,29,35,155,30,62,31,26,59,61,21,30,63,24,28,103,45,145,18,41,112,56,56,43,124,75,37,93,89,61,87,96,45,79,188,187,71,22,46,47,79,43,15,43,36,46,18,45,40,36,28,74,60,42,43,26,43,50,94,61,40,54,38,47,51,48,162,40,55,12,36,51,40,45,47,46,25,21,25,84,77,78,135,92,104,111,71,71,102,68,197,97,77,,,95,154,89,41,57,43,33,37,47,39,681,75,61,137,109,96,42,190,110,149,58,46,119,194,112,88,84,97,84,90,84,133,50,264,24,126,105,96,111,87,79,98,78,71,111,117,45,85,64,68,78,33,81,87,40,66,114,48,35,37,39,121,97,199,94,143,161,109,105,172,123,60,115,68,126,90,92,105,22,39,47,72,29,47,68,55,39,30,43,43,39,45,45,53,46,43,50,33,50,72,34,48,21,14,49,23,57,49,46,35,29,68,87,13,30,45,17,42,34,30,47,27,39,32,56,66,61,31,39,82,40,34,145,30,45,31,56,13,7,75,50,58,58,52,30,60,57,41,65,55,84,87,96,91,111,70,85,42,43,51,40,54,51,65,224,641,257,59,26,26,32,39,286,43,31,109,33,48,53,215,36
20150501,18,PM10_24h,181,111,148,204,129,130,153,156,161,220,164,150,153,149,185,98,61,127,191,65,112,91,66,80,105,147,108,120,126,103,96,53,103,127,84,103,98,86,80,88,49,93,81,82,108,80,89,113,157,31,156,119,64,38,41,25,28,19,23,31,46,32,44,24,43,54,47,46,58,132,68,121,116,102,58,50,174,119,52,52,66,130,131,176,134,139,163,174,44,125,132,103,40,42,145,42,67,22,22,67,57,22,58,66,29,33,114,146,106,99,160,149,90,65,96,88,130,55,104,131,73,76,103,134,100,117,206,147,111,105,102,117,71,59,73,32,42,18,45,65,53,50,86,53,77,76,36,97,121,149,100,129,63,51,157,65,102,147,84,63,13,43,37,44,44,54,71,38,24,26,94,76,79,124,79,105,121,79,96,107,51,158,145,87,,88,154,122,71,101,93,119,125,148,67,151,221,69,161,164,82,232,81,150,111,134,87,100,128,182,112,95,68,86,65,39,50,96,62,234,35,107,90,87,120,85,58,128,74,65,98,82,38,79,67,68,78,43,83,122,71,108,115,56,72,84,100,121,93,130,115,119,133,116,124,133,104,100,127,118,118,97,112,106,94,44,52,79,52,51,111,68,79,38,29,40,39,37,67,63,39,36,41,34,78,85,49,65,50,64,66,32,67,45,41,43,71,49,108,52,35,36,20,55,86,26,46,37,38,37,75,45,65,34,33,31,31,63,184,38,17,43,124,77,79,99,55,76,66,116,51,119,76,66,76,37,130,63,109,85,145,132,83,114,61,71,75,72,53,82,303,611,510,81,38,31,69,69,418,43,113,85,47,60,96,119,68
20150501,18,SO2,2,4,13,29,25,11,13,26,41,4,19,39,16,11,14,12,8,8,12,9,15,11,15,17,18,48,15,21,37,28,16,8,12,14,10,8,41,27,10,5,4,9,36,8,14,5,10,8,21,11,19,14,12,6,7,2,7,7,5,5,6,6,10,2,9,6,9,12,6,10,7,7,10,10,12,9,23,10,9,11,4,22,14,65,21,32,21,24,4,14,41,13,8,5,43,13,7,5,4,4,7,2,12,7,5,5,24,10,14,4,22,10,13,22,18,82,13,14,10,9,16,16,23,13,17,22,11,19,14,8,16,14,10,8,6,3,9,3,11,8,31,11,15,8,6,4,15,12,6,7,7,8,8,17,42,13,1,40,36,19,4,6,7,11,11,11,7,4,13,7,12,18,11,37,19,20,30,10,11,26,14,14,17,8,,5,9,18,6,8,19,19,17,20,46,15,2,31,5,12,5,3,2,21,11,6,9,4,5,1,4,10,19,9,6,4,13,14,3,4,26,25,5,12,25,8,7,22,10,9,6,21,17,25,3,7,19,10,9,7,22,29,61,9,5,11,8,45,25,15,20,21,52,13,15,154,12,11,68,16,3,7,16,18,2,6,13,16,3,25,7,43,1,11,2,7,11,37,17,12,7,33,5,25,5,12,17,5,7,5,12,9,23,10,13,19,8,17,7,11,10,9,44,8,16,19,36,19,6,6,10,7,8,18,19,7,5,17,36,8,3,5,14,17,8,35,8,2,15,3,2,18,3,7,3,6,1,5,7,23,25,2,9,1,4,6,4,5,14,16,6,12,79,4,12,4,4,3,3,7,4,30,6,10,16,10,19
20150501,18,SO2_24h,15,16,47,82,22,19,30,36,38,29,36,30,29,23,13,25,10,10,12,9,21,13,16,20,19,43,20,31,40,26,17,6,15,30,16,16,23,26,13,7,4,29,29,7,18,5,12,25,30,12,26,20,18,8,7,3,9,7,7,7,6,17,8,3,7,7,10,23,7,13,7,12,11,11,22,14,17,6,14,11,8,44,15,61,36,70,55,37,8,23,72,35,11,6,52,14,8,5,4,5,7,2,18,13,6,14,29,17,24,22,43,20,20,23,25,57,15,13,33,11,35,22,55,32,19,25,32,61,34,9,24,30,13,8,18,4,10,3,10,15,35,9,17,7,6,7,12,10,8,7,7,13,15,25,59,8,2,39,52,17,4,11,7,11,10,15,8,6,13,8,13,19,13,33,23,21,36,20,18,28,15,16,23,22,,18,17,23,7,16,28,40,30,38,61,17,20,43,4,13,5,4,2,48,20,15,12,15,5,6,4,10,20,10,16,4,9,13,15,6,27,24,7,21,43,41,5,21,16,19,8,36,27,30,2,10,21,9,5,12,22,38,39,14,16,20,27,91,35,34,23,24,44,17,20,40,20,22,36,26,16,19,21,31,9,13,39,22,7,41,17,36,2,12,3,9,17,45,23,15,7,12,9,13,7,12,15,7,17,4,12,10,21,7,15,22,14,27,19,15,10,6,7,10,60,15,15,19,8,4,12,8,12,15,15,7,5,11,38,10,3,6,11,19,31,10,7,5,18,6,8,8,6,10,8,9,14,5,8,18,26,3,10,5,5,4,6,3,13,16,10,18,147,7,14,4,8,10,3,11,7,24,6,13,23,21,18
20150501,18,NO2,23,11,20,47,27,40,20,20,25,5,31,26,37,17,21,23,37,22,34,25,34,37,15,16,23,49,33,32,45,29,16,15,21,37,22,29,41,34,25,15,17,36,29,17,25,29,24,19,29,18,57,65,25,30,24,10,13,6,5,12,11,11,14,16,24,18,13,15,8,27,22,12,11,15,19,9,25,9,15,9,20,25,19,22,17,26,29,19,20,8,19,21,24,14,20,23,10,9,6,8,6,6,29,10,5,8,26,19,22,18,34,12,15,27,17,38,16,18,14,22,22,23,21,22,24,31,34,32,28,33,27,19,16,9,12,7,12,9,19,12,16,13,13,13,5,14,9,24,25,21,23,24,7,14,7,8,12,29,17,10,12,21,10,21,72,8,13,12,13,4,28,31,41,50,32,20,45,14,32,27,15,23,21,24,,14,20,32,31,16,16,20,16,15,4,9,8,19,13,27,18,7,3,20,16,22,6,13,5,14,32,24,19,18,15,11,28,17,19,15,18,24,17,15,49,16,7,30,39,12,15,9,26,16,22,31,8,16,30,12,11,17,26,14,8,10,13,21,26,49,30,31,39,21,18,33,20,19,16,24,20,15,18,23,5,16,7,14,7,41,12,27,7,11,3,8,9,10,9,8,6,20,7,10,6,15,16,6,5,16,19,9,9,5,9,26,20,8,1,12,6,24,18,3,14,11,5,10,4,8,10,16,15,3,8,14,7,6,46,1,2,6,17,9,16,16,9,4,15,14,15,9,8,14,32,8,19,7,11,7,12,11,11,7,3,6,5,3,18,7,2,11,8,8,4,5,3,8,3,6,12,39,12,10,10,9,19
20150501,18,NO2_24h,48,24,40,59,35,28,35,18,32,28,38,22,47,22,17,36,37,36,40,25,49,46,14,21,29,34,41,48,43,25,19,14,25,41,33,43,45,37,30,24,16,49,33,17,28,28,35,35,34,16,54,49,28,31,25,11,18,7,8,23,12,20,24,9,22,27,24,22,13,22,35,28,19,42,28,17,21,11,25,11,13,32,32,34,23,48,52,23,30,22,32,30,28,25,33,24,10,11,6,17,5,5,36,9,20,18,27,13,20,24,56,12,29,37,45,33,35,18,13,25,26,29,35,37,22,32,39,42,26,34,34,31,15,10,24,11,16,9,20,20,34,14,16,13,11,24,12,20,17,22,19,26,13,23,14,19,16,37,33,22,8,44,12,25,35,12,19,19,16,6,28,39,48,47,34,37,47,15,47,42,10,23,33,43,,33,37,31,34,22,17,19,13,26,8,14,15,23,13,22,14,7,5,20,29,35,31,39,24,17,21,30,20,15,22,13,23,17,22,19,17,27,19,21,50,21,9,49,43,21,15,8,26,16,18,29,16,22,20,23,13,24,26,18,13,15,22,33,40,32,42,36,28,22,22,28,29,43,37,32,31,34,16,20,11,25,12,14,17,33,17,29,7,17,3,11,15,13,12,11,9,22,18,12,14,13,22,13,13,29,21,17,11,5,32,21,36,9,2,23,9,19,5,6,28,7,13,12,7,10,27,17,26,5,13,12,10,12,29,3,3,13,14,9,12,18,14,15,14,29,23,11,14,12,53,12,31,13,10,16,20,16,20,10,10,9,15,6,32,9,13,11,19,16,16,7,18,19,11,15,22,28,14,10,31,11,19
20150501,18,O3,60,77,60,160,95,59,77,82,70,79,168,138,54,45,94,143,106,149,66,141,200,178,126,105,145,154,146,204,172,150,133,115,61,164,145,121,90,201,156,127,139,106,148,139,84,107,98,74,169,109,14,50,52,34,40,38,42,36,26,48,53,57,66,38,54,152,119,97,137,36,138,116,113,75,70,80,109,161,184,156,93,111,155,212,197,145,166,164,117,152,195,176,98,112,165,53,137,47,34,73,115,47,53,149,37,56,214,77,30,28,40,49,101,115,109,149,173,67,135,61,74,129,75,25,71,131,18,39,42,33,86,83,37,69,83,81,118,39,147,78,132,90,86,170,33,86,143,69,31,82,63,49,134,135,125,111,120,137,146,84,104,107,103,97,118,123,100,101,83,88,146,149,70,130,139,225,100,205,210,231,123,106,128,117,,66,87,115,91,21,103,29,25,73,47,121,101,95,128,88,85,63,115,110,116,145,129,136,141,69,63,124,87,123,104,131,107,72,72,87,64,183,162,197,46,38,88,82,168,85,83,6,81,51,80,50,91,50,109,60,56,68,97,46,47,53,75,83,87,28,151,82,61,62,170,75,74,41,82,72,79,99,88,69,66,67,82,99,72,67,91,56,51,67,23,53,78,79,108,44,108,64,116,108,95,124,106,121,107,45,41,75,131,86,72,133,77,125,79,85,31,90,70,109,111,104,129,77,115,108,119,112,127,113,54,117,104,113,90,104,109,73,91,59,60,110,91,111,142,105,146,112,130,126,124,78,146,131,120,140,142,109,164,14,83,84,126,62,93,18,58,71,107,133,51,76,110,111,83,119,59,105,50,93,102,50,108
20150501,18,O3_24h,198,200,155,236,98,134,182,238,214,169,195,204,144,131,127,156,133,176,105,159,217,188,150,146,151,244,189,227,232,155,143,138,63,248,196,153,114,243,206,164,153,184,192,172,102,143,114,278,182,124,148,170,85,121,55,47,88,52,36,90,84,89,80,47,95,162,130,113,147,116,149,117,116,76,78,90,122,165,192,163,114,113,173,219,210,191,185,182,141,188,202,198,127,130,197,100,143,86,51,78,136,56,152,165,46,56,226,189,125,72,125,128,137,134,123,162,210,89,177,121,75,132,105,148,110,208,162,151,158,111,148,136,68,106,90,94,121,44,151,112,146,124,115,171,57,107,143,119,115,88,73,138,145,136,134,122,124,173,162,98,116,118,123,117,145,149,113,116,89,93,167,179,80,149,162,226,126,228,227,252,127,140,142,180,,75,153,150,100,88,219,116,119,194,64,125,200,119,130,173,108,119,115,131,141,172,137,164,183,148,120,140,110,138,119,136,128,161,101,170,86,198,182,207,80,54,98,118,190,97,115,27,97,65,97,83,115,89,149,101,75,124,155,76,81,138,164,163,155,137,171,151,153,132,189,141,138,154,136,153,161,144,173,122,85,91,86,114,83,83,120,65,78,77,29,61,84,102,80,57,108,76,120,114,122,145,136,142,136,65,72,109,155,87,74,166,94,145,100,115,39,110,77,118,128,114,129,81,120,108,128,127,142,121,70,120,110,115,90,114,116,101,100,160,170,110,99,115,145,105,151,112,135,147,131,78,146,131,123,140,143,112,176,26,86,84,126,63,95,19,60,84,110,134,101,85,110,113,87,120,157,116,128,132,135,103,118
20150501,18,O3_8h,82,144,75,194,80,105,120,83,138,114,173,177,115,49,80,149,113,162,90,145,199,172,134,121,145,191,161,194,186,133,132,126,58,199,145,138,101,204,181,149,143,150,172,133,86,100,81,70,166,113,63,79,66,52,45,41,50,43,32,64,57,57,69,38,56,122,116,105,132,41,122,92,102,66,70,79,108,150,176,151,96,110,154,183,196,157,170,153,128,162,185,179,115,120,181,46,131,63,43,64,108,49,55,151,32,54,210,86,64,25,59,66,120,123,117,136,193,66,149,95,67,119,67,27,96,179,57,60,42,37,69,82,29,75,77,68,108,41,116,70,125,74,78,127,32,92,133,67,39,75,54,49,131,126,116,98,112,161,141,91,109,100,112,106,127,130,99,107,82,83,153,157,74,122,133,203,105,204,200,226,120,114,78,159,,67,90,130,74,45,91,40,26,62,44,116,157,105,118,82,99,61,110,121,128,159,129,149,164,111,100,133,97,127,108,109,107,93,76,128,74,162,144,201,62,38,92,84,176,84,81,7,71,45,77,55,89,58,130,79,56,65,91,57,63,56,79,123,121,80,157,123,120,88,183,106,81,62,76,67,87,95,78,87,64,80,76,101,78,68,101,57,63,62,22,52,68,81,69,41,94,63,105,99,76,103,88,103,95,42,46,70,110,76,59,141,77,134,77,91,31,97,68,110,117,106,122,79,116,104,112,119,125,106,56,108,102,109,81,107,107,67,83,67,65,98,84,109,136,88,144,99,123,115,113,68,129,115,112,128,132,106,148,15,78,75,111,57,86,18,48,61,93,101,66,73,92,89,74,114,86,95,71,107,117,91,109
20150501,18,O3_8h_24h,210,199,173,211,85,118,201,234,217,178,190,204,134,127,149,150,119,164,92,145,199,196,136,134,145,191,164,201,186,136,151,147,58,208,200,149,112,204,192,157,180,184,172,173,91,159,122,152,191,118,172,196,108,150,76,56,125,80,55,184,144,112,70,53,115,162,116,105,135,134,122,92,102,66,90,115,121,157,176,151,135,129,209,193,201,187,198,170,128,182,185,184,120,120,184,109,132,70,55,86,139,53,153,163,60,54,210,193,124,100,134,124,122,128,130,137,193,96,149,103,67,119,117,151,100,182,201,173,154,135,190,153,97,113,77,84,113,41,130,123,125,129,105,130,59,92,142,126,133,131,94,152,131,130,116,99,112,189,165,97,109,103,122,124,129,140,99,107,101,97,165,161,85,150,166,203,112,204,200,226,128,114,112,160,,79,165,130,117,85,203,111,112,178,79,116,175,106,118,197,105,91,110,133,140,178,155,155,182,122,114,153,108,131,108,109,109,120,105,128,94,162,144,201,67,47,92,111,176,84,98,127,80,57,113,87,126,110,157,102,110,146,196,117,91,120,168,171,146,151,157,150,162,140,183,160,142,137,163,177,176,172,172,136,102,85,100,148,78,68,112,85,89,97,27,58,73,91,75,64,94,66,105,127,131,143,183,171,136,67,69,111,151,84,80,141,91,134,77,115,31,97,68,113,124,108,122,80,116,104,113,119,125,106,59,111,102,111,81,107,114,120,119,157,160,98,113,109,136,88,144,100,123,166,113,68,129,115,112,128,132,106,157,21,82,75,111,57,87,18,59,71,94,118,81,82,92,100,78,114,169,101,138,117,119,107,117
20150501,18,CO,0.5,0.507,0.496,0.984,1.175,0.918,0.617,0.719,0.56,0.439,0.485,1.364,0.624,1.359,0.662,0.573,0.416,0.582,0.523,0.672,0.677,0.667,0.495,0.673,1.351,1.329,0.713,0.887,1.548,0.874,0.84,0.467,1.523,0.729,0.616,0.803,0.572,0.884,0.523,0.636,0.472,0.781,0.857,0.745,0.774,0.664,0.684,1.12,0.808,0.543,1.648,1.51,0.728,0.803,0.738,0.634,0.574,0.718,0.526,0.499,0.648,0.568,0.709,0.534,0.631,0.522,0.545,0.602,0.294,1.635,0.782,0.824,0.719,0.447,0.679,0.506,0.767,0.374,0.495,0.545,0.814,0.988,0.964,1.279,0.995,1.872,1.335,0.759,0.999,0.402,1.349,0.741,0.452,0.34,0.956,0.942,0.91,0.759,0.659,0.809,0.661,0.73,0.661,1.02,0.986,0.443,1.573,1.198,0.913,1.699,0.877,0.543,0.993,1.013,0.818,1.016,0.486,0.619,0.651,0.582,0.711,1.252,0.639,0.95,1.142,1.909,0.816,0.555,0.907,1.019,0.971,0.873,0.81,1.163,0.756,0.769,0.661,0.464,0.644,0.463,1.071,0.363,0.365,0.731,0.526,0.602,0.766,0.938,0.779,1.436,0.975,0.582,1.143,0.63,0.157,0.907,0.559,0.385,1.209,0.407,0.398,0.34,0.4,0.366,0.812,0.504,0.379,0.216,0.982,0.487,0.759,0.832,0.333,1.184,1.035,0.71,0.918,0.53,0.557,0.486,0.593,0.836,0.813,0.802,,0.161,0.706,1.492,0.848,1.062,0.605,0.867,1.459,0.352,2.632,0.278,0.35,0.233,0.33,0.571,0.386,0.528,0.517,0.828,0.592,0.397,0.605,0.372,0.518,0.441,0.432,0.686,0.839,0.571,0.489,0.339,0.378,0.621,0.397,0.531,0.358,1.141,0.866,0.836,0.936,0.561,0.155,0.795,0.817,0.539,0.734,0.645,0.749,1.143,0.922,1.323,1.145,1.061,1.91,0.666,1.14,1.086,1.201,1.039,0.697,0.746,0.952,0.599,0.702,1.277,1.147,1.064,1.072,0.937,0.57,1.048,1.662,0.261,1.171,0.784,1.468,1.566,1.224,1.507,0.855,0.688,0.537,0.641,0.805,0.415,0.942,1.288,0.159,0.665,0.296,0.93,1.022,0.809,1.855,0.805,0.851,1.01,0.713,0.563,0.474,0.238,0.459,0.195,0.532,0.528,0.386,0.692,0.267,0.259,0.388,1.114,0.364,0.574,0.176,0.775,0.586,0.555,0.429,0.942,0.364,0.833,0.973,0.497,0.385,0.364,0.338,0.337,0.432,0.74,0.484,3.199,0.208,0.129,1.93,2.869,0.198,0.711,2.929,1.332,2.475,0.827,0.577,0.796,0.573,0.485,0.762,2.305,0.617,0.318,0.215,0.198,0.56,0.256,,0.16,0.276,0.536,0.186,0.728,1.596,0.423,0.561,0.363,0.325,1.084,0.283,0.46,0.592,0.625,1.067,0.686,0.471,0.242,0.418,0.201,0.581,1.418,0.792,1.199,1.773,2.714,0.934
20150501,18,CO_24h,1.129,0.715,0.79,2.476,1.092,0.687,0.937,0.924,0.959,1.741,0.761,1.054,0.888,1.577,0.648,0.905,0.439,0.685,0.485,0.63,0.881,0.789,0.514,0.957,1.38,1.315,0.899,1.23,1.518,0.956,0.928,0.499,1.616,0.889,0.799,0.938,0.565,0.887,0.612,0.718,0.505,0.745,0.708,0.615,1.03,0.691,0.708,1.095,1.004,0.667,1.574,0.998,0.831,0.836,0.757,0.572,0.642,0.757,0.441,0.6,0.643,0.714,0.879,0.61,0.643,0.644,0.584,0.78,0.452,1.502,0.811,0.992,0.691,0.726,1.014,0.942,0.718,0.464,0.503,0.519,0.818,1.143,0.825,1.506,1.328,2.119,1.815,0.771,1.087,0.686,1.414,1.005,0.461,0.445,1.109,0.991,0.905,0.772,0.623,0.938,0.64,0.676,0.829,0.993,1.146,0.722,1.478,1.263,1.01,1.68,1.25,0.85,1.398,1.163,1.241,0.764,0.63,0.702,0.573,0.643,0.761,1.218,0.904,1.223,1.378,1.892,1.11,0.818,1.034,1.167,1.192,0.955,0.848,1.244,1.116,0.788,0.661,0.474,0.668,0.739,1.354,0.53,0.602,0.749,0.678,0.8,0.817,0.958,0.802,1.449,0.95,0.601,1.259,0.697,0.498,0.947,0.609,0.455,1.891,0.808,0.419,0.448,0.471,0.403,0.722,0.561,0.437,0.263,1.042,0.494,0.855,0.936,0.638,1.074,1.118,0.915,1.175,0.662,0.758,0.517,0.569,0.952,0.914,0.799,,0.295,0.757,1.301,0.698,1.676,0.654,1.216,1.549,0.935,2.695,0.387,0.709,0.369,0.33,0.492,0.489,0.472,0.609,0.952,0.807,0.754,0.875,1.069,0.867,0.6,0.411,0.778,0.887,0.597,0.755,0.217,0.412,0.633,0.373,0.616,0.406,0.962,0.847,0.702,0.917,0.638,0.148,0.948,0.821,0.498,0.759,0.511,0.7,1.118,0.851,1.215,1.173,1.11,1.099,0.683,1.165,1.158,0.843,1.133,0.689,0.814,1.152,0.675,0.837,0.716,1.195,1.007,0.905,0.988,0.622,1.141,1.551,0.787,1.451,0.967,1.697,1.563,1.155,1.224,1.009,0.8,0.742,0.689,1.192,0.518,1.257,1.593,0.461,0.57,0.33,0.969,1.25,0.767,1.981,0.837,0.975,0.893,0.762,0.41,0.624,0.343,0.733,0.353,0.587,0.704,0.653,0.814,0.471,0.273,0.722,1.08,0.538,0.439,0.303,1.211,0.606,0.576,0.328,0.98,0.696,0.551,1.174,0.538,0.478,0.378,0.654,0.372,0.474,0.691,0.536,3.168,0.309,0.205,1.853,2.909,0.264,0.847,2.917,1.493,2.559,0.899,0.416,1.061,0.556,0.701,0.77,2.128,0.765,0.48,0.461,0.367,1.06,0.388,0.294,0.314,0.382,0.564,0.332,0.907,1.635,0.356,0.653,0.461,0.526,1.057,0.419,0.511,1.369,0.836,1.403,0.694,0.722,0.414,0.515,0.308,0.847,1.294,0.807,1.147,2.181,3.045,1.052
20150501,19,AQI,43,81,38,156,142,97,61,64,73,63,110,122,106,59,100,91,62,102,136,89,142,116,81,68,91,144,102,134,125,83,80,71,77,135,90,81,82,143,119,89,87,93,111,85,93,68,86,50,108,61,104,99,44,33,44,33,25,22,22,32,45,31,47,31,33,77,67,55,82,52,71,70,57,51,41,41,68,98,118,96,64,110,100,131,135,100,110,110,75,104,127,120,63,67,120,40,80,32,22,81,60,28,37,96,53,31,148,52,76,28,36,69,66,69,65,137,130,41,93,70,82,76,82,49,58,156,147,59,27,45,44,63,47,37,50,38,60,21,73,44,75,39,59,82,43,49,81,44,58,74,58,41,78,74,70,55,64,114,86,46,59,55,62,57,72,77,55,57,43,43,96,101,67,90,79,147,82,147,141,167,71,110,76,97,,58,98,133,91,39,59,43,59,33,45,66,149,58,70,93,76,74,61,106,77,100,76,90,101,107,89,76,69,73,59,65,70,93,54,99,37,107,87,140,92,65,67,104,115,83,84,98,41,91,61,74,83,35,74,77,41,60,93,58,43,33,45,104,83,206,99,142,148,70,120,175,106,55,98,57,94,86,91,83,35,41,51,82,43,51,54,61,33,34,32,44,40,43,59,52,54,52,61,53,52,69,48,60,49,22,57,36,65,43,45,89,40,80,73,44,40,56,35,61,63,56,72,40,64,56,65,66,76,56,47,77,55,60,129,58,60,37,61,33,32,70,49,60,85,52,89,57,76,67,66,55,82,69,80,79,91,65,95,42,45,56,64,53,52,55,171,500,137,61,34,39,50,50,160,65,42,96,34,57,65,108,59
20150501,19,PM2.5,30,48,23,118,108,72,16,42,39,23,50,92,79,27,52,30,25,38,56,53,48,59,36,22,58,110,48,39,59,58,45,29,49,58,44,45,60,59,41,61,29,69,69,62,51,34,63,21,57,15,77,74,28,17,19,10,13,12,15,15,31,15,20,14,17,20,15,14,23,21,24,35,15,16,20,20,43,16,24,26,45,69,56,96,56,63,55,82,25,35,77,54,25,12,61,20,40,12,13,59,38,11,13,55,36,12,59,28,48,12,20,49,19,20,18,104,36,21,40,50,60,55,60,33,40,118,112,41,17,31,29,44,17,22,24,10,26,11,21,19,18,17,31,28,27,23,16,22,40,46,22,24,10,8,12,16,26,40,29,11,9,15,12,17,19,19,12,13,14,10,57,47,48,57,44,40,57,38,47,64,35,65,55,50,,40,73,101,67,19,39,15,41,15,27,21,76,40,13,65,43,25,15,55,35,32,31,20,52,44,66,31,32,37,27,26,34,44,37,49,14,77,55,70,68,46,48,77,50,61,60,73,26,67,41,53,23,19,42,56,21,31,69,40,30,21,31,77,61,155,51,108,113,44,80,132,79,12,73,38,56,63,67,61,16,11,26,27,30,34,32,38,19,15,16,17,20,21,32,27,34,24,34,10,16,36,20,29,6,15,19,8,14,20,19,42,14,36,16,8,11,39,12,31,19,12,22,16,10,21,18,34,21,23,12,29,8,30,45,38,12,16,43,12,11,16,9,19,27,9,19,18,17,19,12,19,37,23,36,27,67,32,34,28,19,19,23,23,10,18,74,90,65,26,11,7,13,5,61,14,12,71,23,33,16,19,27
20150501,19,PM2.5_24h,135,82,91,150,80,66,104,73,91,145,84,89,79,73,57,45,36,47,49,45,71,69,44,45,70,104,72,63,72,70,63,27,56,85,53,66,67,63,57,62,34,66,62,65,54,52,58,50,86,13,87,60,41,20,20,11,15,13,13,21,28,17,19,11,22,29,26,20,29,40,39,54,28,34,34,33,86,42,30,34,48,88,71,111,90,80,87,98,23,55,80,57,25,20,74,25,48,9,12,51,43,10,20,68,24,17,66,64,55,44,77,84,40,27,41,59,53,22,40,49,56,55,58,69,61,65,138,95,47,73,62,68,41,39,44,11,23,8,27,43,23,28,61,22,48,48,23,38,50,56,32,44,19,14,56,21,37,61,51,24,10,27,17,21,22,31,18,22,14,12,70,55,56,76,48,68,84,56,68,69,30,91,94,55,,57,76,73,52,52,48,51,69,74,31,37,99,30,40,73,29,77,25,49,44,52,51,48,67,40,52,38,25,33,30,12,28,40,33,37,13,71,62,56,66,54,41,110,46,52,55,72,26,62,52,44,48,31,59,63,45,54,58,42,46,49,59,78,57,88,66,83,73,49,84,74,66,58,76,66,67,68,67,62,68,23,35,31,40,39,68,38,51,20,14,16,21,23,32,32,25,20,28,9,33,58,31,45,18,38,35,15,34,20,21,28,46,26,39,32,12,25,5,32,40,10,24,18,14,25,24,34,30,19,13,22,16,46,55,36,7,24,47,34,31,27,23,33,21,33,35,32,33,27,34,17,72,35,55,42,69,44,38,57,27,24,35,23,14,18,88,159,143,28,15,9,19,28,96,18,55,54,39,44,43,31,40
20150501,19,PM10,35,78,34,214,158,105,40,76,70,74,96,174,105,65,148,69,44,118,219,73,85,100,67,79,110,146,87,87,138,102,82,53,101,87,67,74,99,94,67,90,38,80,93,77,134,83,95,49,101,25,101,95,43,32,43,32,22,18,19,21,42,27,46,30,32,41,28,45,86,52,59,87,58,50,40,37,83,46,43,45,67,168,148,142,95,131,114,145,45,108,138,106,34,29,136,39,68,29,21,73,60,27,36,68,16,30,118,52,99,27,35,84,49,50,39,143,88,40,121,61,87,93,96,48,50,136,100,52,26,43,43,74,46,32,49,37,50,20,50,43,37,29,65,67,42,41,33,43,61,96,64,40,30,30,42,57,61,176,46,40,13,32,33,35,39,50,58,26,20,19,84,77,77,128,85,89,111,73,73,101,66,167,96,79,,60,99,155,90,38,66,42,31,31,44,38,245,57,50,134,100,96,39,160,101,130,54,46,96,161,107,82,85,83,66,77,87,134,55,145,28,128,105,103,131,70,71,122,75,81,115,,40,97,70,83,113,34,84,80,40,67,104,53,41,32,43,111,105,187,101,133,188,88,119,226,127,58,96,62,135,91,96,107,22,34,50,111,40,50,49,70,32,31,31,43,39,41,66,52,56,51,65,33,51,85,38,56,17,13,61,27,55,42,44,65,34,58,94,15,39,57,30,38,53,31,54,33,42,44,65,56,64,60,46,102,47,11,205,17,35,36,69,13,12,88,48,56,76,52,33,61,60,50,71,57,92,86,108,101,90,78,92,41,44,59,38,54,52,58,290,607,222,65,29,34,41,29,268,54,15,108,28,49,41,163,43
20150501,19,PM10_24h,181,107,146,204,129,129,151,147,158,217,162,151,152,147,183,98,60,126,197,63,113,91,63,80,106,150,108,120,127,105,96,52,105,126,82,102,100,87,79,89,47,92,82,81,110,80,90,111,154,30,155,116,63,37,41,25,26,19,21,29,46,30,45,24,42,51,46,46,59,128,67,120,90,101,57,49,170,119,52,52,65,132,132,176,132,138,161,176,42,126,134,102,39,41,147,41,66,22,21,65,56,21,51,67,27,33,114,141,107,96,154,148,90,64,93,89,128,55,103,132,75,78,102,132,99,117,207,146,103,102,98,115,70,57,71,32,40,18,44,63,54,49,86,51,81,74,35,94,117,150,94,125,59,50,121,63,98,149,81,62,12,42,37,42,43,51,69,36,23,25,93,76,79,125,79,105,122,78,97,109,48,159,144,88,,85,153,124,71,98,91,117,125,141,66,120,224,68,136,164,84,227,72,150,110,135,86,99,129,187,113,94,68,87,65,42,51,97,63,226,35,109,92,88,121,85,60,129,75,66,100,82,38,81,67,65,78,46,83,119,70,108,113,55,70,79,96,121,93,134,114,120,136,114,124,139,106,97,126,115,118,98,111,107,91,44,51,78,51,51,110,67,76,37,29,40,39,37,67,62,39,36,44,33,77,84,48,64,48,61,65,30,66,46,41,44,69,49,107,50,35,37,21,55,87,25,47,37,37,38,76,46,65,51,33,33,32,66,186,37,16,41,123,72,75,100,50,75,67,98,51,104,73,62,74,37,128,66,109,85,143,129,84,82,58,60,74,58,52,81,301,603,493,82,39,32,68,69,403,44,110,85,45,59,94,122,66
20150501,19,SO2,2,3,13,27,25,9,12,27,40,4,12,30,10,11,13,11,8,8,15,9,17,10,14,16,18,43,15,25,45,29,14,6,13,13,10,8,47,20,9,4,4,12,47,6,13,6,5,8,25,12,18,11,11,7,6,2,8,7,5,6,6,9,12,2,9,6,9,11,6,10,7,8,12,10,11,9,21,12,8,12,5,20,13,64,20,26,29,23,5,14,48,15,7,6,52,16,7,4,5,4,9,2,11,8,5,5,37,10,16,4,16,12,11,21,22,94,13,15,8,8,15,18,16,13,9,16,10,15,14,8,12,16,12,9,7,3,9,3,13,9,31,10,9,6,8,3,14,11,7,7,13,8,5,29,42,13,2,37,33,22,4,5,7,9,6,11,9,5,13,7,10,15,12,40,20,20,30,10,11,23,15,12,16,9,,6,8,14,8,7,17,13,17,20,46,13,4,33,5,13,4,2,2,30,11,6,10,5,5,1,5,10,20,9,6,4,9,20,3,4,26,27,5,34,44,8,7,20,13,8,7,23,18,31,2,6,17,7,10,5,17,4,49,7,5,14,10,61,21,11,19,17,29,12,15,82,10,10,133,16,4,8,13,12,1,5,17,14,4,21,8,43,3,9,3,7,10,45,16,11,6,59,4,26,7,13,21,5,6,4,13,9,21,11,15,41,10,16,7,11,9,7,54,9,19,20,33,21,7,6,11,6,11,11,19,7,4,10,32,8,4,5,15,31,7,10,8,3,16,3,2,23,3,8,2,7,1,5,7,23,24,2,8,1,5,7,4,2,14,16,5,12,86,5,13,4,4,2,3,6,4,29,6,11,12,9,18
20150501,19,SO2_24h,15,15,47,80,22,18,30,34,38,29,35,30,29,23,13,25,10,11,12,9,21,12,15,20,19,44,19,31,42,26,16,6,15,30,15,15,24,26,13,7,4,28,30,7,18,5,11,25,30,12,26,20,18,9,7,3,9,7,7,7,6,17,9,3,7,6,10,23,7,13,7,12,11,11,22,14,17,6,14,11,8,43,15,63,36,70,55,37,7,23,73,35,10,6,50,14,7,5,4,5,7,2,17,13,6,13,30,16,24,20,42,20,20,24,25,58,15,13,32,11,35,22,55,32,18,24,30,61,33,9,23,30,13,8,17,4,10,3,10,14,35,9,16,7,7,6,12,10,7,7,7,12,15,25,59,8,2,39,48,17,4,10,7,10,9,13,7,6,13,8,13,19,13,34,22,21,36,20,18,28,14,16,22,21,,17,16,23,7,15,28,39,29,37,59,17,20,42,4,13,5,4,2,48,20,15,12,15,5,6,4,11,20,11,15,4,9,13,15,6,27,24,7,22,43,41,5,21,17,19,8,36,23,30,2,10,21,7,5,12,22,38,40,14,16,19,26,90,34,34,23,24,45,16,20,42,20,22,41,25,16,19,21,31,9,13,38,22,7,38,17,37,2,12,3,9,17,47,23,15,7,14,9,14,7,11,16,7,16,4,12,10,20,7,15,23,14,27,19,15,10,6,9,10,60,16,16,19,7,5,12,8,12,9,15,7,5,11,38,10,3,6,11,20,27,10,7,5,18,6,8,9,6,10,8,9,13,5,8,18,26,3,10,5,5,5,6,3,13,16,10,18,149,7,14,4,7,10,3,10,7,23,6,13,23,21,18
20150501,19,NO2,28,11,25,58,29,38,19,22,25,6,31,24,30,21,24,24,43,23,39,27,39,41,17,20,24,47,41,48,56,34,18,14,26,36,24,37,44,31,26,13,20,53,31,20,29,35,16,19,27,26,54,69,26,30,26,10,14,6,6,16,13,12,16,24,28,22,14,16,7,28,28,15,14,15,24,12,26,11,15,9,19,29,23,32,24,30,37,23,20,11,26,33,16,23,19,30,11,12,8,9,8,6,36,13,11,9,30,23,25,24,38,16,16,26,20,40,20,16,11,22,21,26,23,25,17,37,35,28,28,43,21,25,18,14,15,8,13,12,26,14,22,19,16,15,6,15,12,28,26,21,27,25,7,29,9,9,14,33,21,12,12,13,9,18,30,9,17,11,13,4,27,31,49,60,34,21,50,16,37,27,14,25,24,22,,17,15,32,40,16,17,17,17,18,8,14,10,18,14,31,19,9,3,16,18,19,8,14,6,14,36,24,20,22,16,10,13,14,22,15,15,26,21,19,48,13,7,33,46,17,18,8,28,15,23,41,9,20,35,12,10,20,25,23,5,18,15,25,21,33,35,43,30,21,23,30,23,20,27,32,33,19,20,15,7,11,7,14,9,39,12,31,8,15,3,9,11,14,11,11,11,24,7,13,8,19,18,8,9,17,23,16,11,6,10,21,24,11,2,14,8,41,19,4,22,12,6,13,6,10,14,16,22,6,10,8,6,8,33,1,1,7,26,11,21,20,12,9,15,17,16,11,10,16,34,10,24,8,14,5,12,9,10,7,6,7,10,7,18,7,2,8,13,9,4,4,2,7,4,8,10,40,16,13,11,10,23
20150501,19,NO2_24h,48,23,40,59,35,28,34,18,32,28,38,22,47,21,17,35,37,34,40,24,49,44,14,20,29,34,41,49,43,25,19,14,25,41,32,43,45,36,30,24,16,49,33,17,28,29,33,34,34,16,55,49,28,31,24,11,17,6,8,22,12,19,24,9,22,27,23,22,13,22,35,27,20,42,28,16,20,10,24,11,13,32,32,34,24,47,52,23,27,22,32,30,28,24,33,24,10,11,6,16,5,5,34,9,20,17,27,13,20,24,56,12,29,36,44,33,35,18,13,25,26,28,35,37,22,32,39,41,26,35,33,31,15,10,23,11,16,8,19,19,34,13,16,12,11,24,13,20,17,21,20,26,13,24,15,19,16,37,31,22,8,41,13,24,33,11,19,17,16,6,28,39,48,48,34,36,46,15,47,41,10,23,32,41,,32,36,31,34,22,17,19,13,26,8,14,15,22,13,22,14,7,5,20,29,34,30,36,23,17,21,30,20,16,22,13,22,17,23,19,17,27,20,22,49,21,9,48,43,20,15,8,26,16,19,28,15,25,21,22,13,23,26,19,12,15,22,32,39,33,41,37,29,22,22,29,29,42,37,32,32,33,16,20,11,24,12,14,16,33,17,29,7,16,3,11,15,13,11,12,9,22,18,11,14,13,21,12,12,29,21,17,11,5,30,21,35,9,2,23,9,21,6,6,28,8,13,12,7,10,27,17,26,4,13,12,10,12,30,3,2,12,15,9,13,18,14,15,14,26,23,11,14,12,52,11,30,13,10,16,20,16,20,10,10,9,14,6,32,9,13,11,19,16,16,7,18,19,11,14,22,29,14,10,30,11,19
20150501,19,O3,55,78,54,93,97,40,77,76,66,74,96,79,51,38,89,128,92,139,49,128,194,156,124,89,137,142,118,156,124,133,116,109,53,147,136,115,80,168,141,124,135,78,134,141,75,93,81,74,147,96,9,37,45,22,37,38,33,34,24,43,52,59,62,27,49,146,110,92,137,32,110,110,110,75,60,73,105,158,175,155,90,106,136,198,180,123,148,145,107,131,177,149,106,95,142,44,139,40,32,66,115,48,42,150,32,55,193,70,31,23,36,46,92,97,107,152,164,72,128,56,72,121,68,24,64,102,10,46,43,31,86,70,37,59,82,77,106,37,145,67,113,76,85,151,37,84,137,67,29,76,52,41,126,123,120,111,112,111,139,80,106,116,102,97,110,107,80,92,85,90,129,140,63,90,115,213,84,198,181,209,126,85,99,109,,63,94,97,73,22,103,34,23,70,43,114,92,101,126,81,83,60,114,72,110,142,132,132,138,63,53,115,80,109,100,118,107,75,69,64,68,169,121,193,44,33,86,74,154,79,74,6,76,52,70,28,81,43,88,54,46,58,86,37,51,42,64,78,81,52,133,34,35,54,154,44,72,40,71,66,55,90,73,67,58,70,80,93,67,67,85,65,35,61,22,52,72,69,102,39,96,56,114,103,90,120,104,116,87,38,43,66,123,81,76,125,77,109,73,82,26,61,57,111,102,100,129,77,107,103,115,106,119,78,52,110,105,110,93,105,109,71,82,51,48,98,76,107,137,100,144,110,125,121,114,77,143,131,114,138,141,114,165,13,80,82,117,57,91,19,58,70,103,130,50,78,110,110,81,116,54,96,41,89,96,52,93
20150501,19,O3_24h,179,179,146,236,98,134,158,233,209,169,194,202,144,131,121,156,133,176,105,159,217,188,150,146,151,244,189,227,232,155,143,138,63,248,183,153,114,243,206,164,151,172,192,172,102,143,99,271,182,124,134,147,85,82,54,47,64,49,36,77,78,74,80,47,88,158,130,113,147,106,149,117,116,76,78,90,122,165,192,163,111,113,173,219,210,191,183,182,141,185,202,198,127,130,197,84,144,86,51,66,136,56,115,165,43,56,226,189,125,69,110,125,137,134,123,162,210,89,177,121,75,132,93,137,110,208,134,141,147,90,128,120,60,98,90,93,121,44,148,85,146,111,109,171,52,107,143,119,85,87,72,121,145,136,134,122,124,173,149,98,116,118,123,117,145,149,113,116,88,93,167,179,80,149,162,226,126,228,227,252,127,140,141,180,,75,127,150,97,78,219,115,114,192,62,125,200,119,130,168,108,119,115,131,141,172,137,164,183,148,120,140,108,138,119,136,128,161,99,170,86,198,182,207,80,54,98,118,190,97,115,27,92,64,91,83,115,93,149,101,67,122,122,71,78,131,138,163,155,124,171,151,151,116,189,138,138,143,124,132,151,137,169,112,77,91,86,113,83,83,120,65,78,77,29,61,84,102,80,52,108,76,120,111,105,140,127,135,132,52,72,88,154,87,76,166,93,145,100,115,39,110,77,115,128,114,129,81,120,108,123,127,142,115,70,120,110,115,93,114,116,78,98,160,170,110,100,115,145,105,151,112,135,138,131,78,146,131,123,140,143,114,170,24,86,84,126,63,95,19,59,84,110,133,101,85,110,113,87,120,149,115,112,132,135,102,118
20150501,19,O3_8h,75,135,74,192,84,101,112,81,126,107,169,167,109,47,84,147,113,161,85,145,205,176,135,120,147,190,161,196,186,138,134,124,59,197,146,135,100,206,179,145,143,141,170,135,86,101,85,71,167,111,53,72,65,48,45,41,49,42,31,63,56,60,69,38,56,131,119,104,137,40,124,98,107,70,70,80,109,156,178,154,96,110,158,192,197,158,169,160,128,163,188,180,114,119,180,48,134,62,42,58,110,50,57,153,34,55,211,83,56,26,55,60,118,121,116,142,191,66,150,88,68,122,67,24,93,171,44,56,42,36,72,81,31,73,80,71,110,40,126,71,128,76,82,137,36,96,136,67,37,78,56,47,132,127,122,102,115,157,142,91,109,104,113,107,125,131,99,107,84,85,154,160,73,121,133,210,106,210,203,231,123,115,84,155,,68,95,129,76,39,94,39,25,64,44,118,144,104,122,84,96,62,112,116,126,158,129,146,160,102,92,130,95,126,108,114,108,91,77,126,73,166,143,202,61,39,92,86,175,85,81,7,72,46,77,56,89,59,127,74,57,68,90,53,60,56,79,118,118,73,157,114,111,83,180,101,78,58,75,67,85,93,79,85,68,80,79,104,76,69,103,59,62,66,22,52,73,85,71,43,97,64,111,102,79,108,94,110,96,43,46,70,116,80,63,145,78,134,81,87,32,94,69,111,114,106,125,79,115,105,116,118,130,100,56,112,104,110,84,108,110,69,86,65,62,102,85,110,140,94,145,102,129,119,118,71,137,121,114,133,136,108,152,16,81,78,115,58,89,18,51,63,98,111,66,76,99,99,77,116,82,99,67,107,116,85,109
20150501,19,O3_8h_24h,210,198,170,207,87,116,201,234,215,177,187,200,132,126,145,149,119,163,92,146,205,189,135,130,147,193,164,200,187,138,146,139,59,208,198,145,112,206,192,153,178,178,172,172,91,156,111,148,186,117,167,191,96,144,69,54,120,76,53,176,136,112,70,50,112,156,119,105,137,132,126,98,107,70,83,107,112,158,178,154,131,126,196,192,199,178,191,169,130,177,188,182,117,120,181,107,134,67,52,83,139,51,153,161,57,55,211,190,124,97,133,124,122,125,125,142,194,92,150,102,68,122,117,148,99,181,198,170,154,132,184,151,91,109,80,85,114,41,133,122,128,129,106,137,57,96,141,126,127,120,89,150,132,130,122,103,115,180,163,94,109,104,119,121,129,136,99,107,98,95,165,160,82,139,156,210,111,210,203,231,123,115,113,160,,77,163,131,111,85,203,110,112,178,77,118,175,106,122,192,103,91,112,130,138,170,152,149,168,122,112,143,107,130,109,114,109,119,103,128,88,166,145,202,67,47,93,108,176,85,98,110,81,57,111,83,122,121,153,92,105,145,189,114,88,118,167,163,143,146,157,146,157,138,183,155,142,137,159,174,176,168,172,134,97,82,93,139,78,69,112,78,84,90,27,57,75,90,76,62,97,65,111,125,128,143,182,169,134,64,69,108,151,83,78,145,91,134,81,113,32,97,69,113,122,108,125,80,116,105,116,119,130,104,59,113,104,111,84,108,114,112,112,151,159,102,104,110,140,94,145,102,129,161,118,71,137,121,114,133,136,108,157,21,84,78,115,58,89,18,59,71,98,118,81,82,99,100,78,116,166,103,135,113,119,107,112
20150501,19,CO,0.517,0.47,0.583,1.082,1.332,0.85,0.602,0.753,0.579,0.44,0.469,1.102,0.473,1.367,1.18,0.531,0.442,0.606,0.466,0.688,0.822,0.699,0.54,0.679,1.342,1.323,0.758,1.003,1.825,1.216,0.863,0.473,1.517,0.736,0.627,0.896,0.599,0.861,0.504,0.618,0.473,0.955,0.882,0.746,0.861,0.707,0.653,1.323,0.834,0.557,1.598,1.729,0.781,0.756,0.756,0.67,0.583,0.739,0.537,0.513,0.68,0.593,0.72,0.59,0.67,0.562,0.532,0.637,0.324,1.672,0.761,0.865,0.602,0.453,0.729,0.537,0.651,0.392,0.492,0.58,0.801,1.069,0.884,1.374,1.046,1.898,1.45,0.88,0.942,0.371,1.42,0.816,0.444,0.362,0.867,1.016,0.942,0.782,0.673,0.839,0.682,0.698,0.803,1.034,1.059,0.45,1.707,1.241,0.931,1.674,0.862,0.626,1.048,0.929,0.778,1.094,0.536,0.611,0.629,0.568,0.739,1.662,0.634,1.031,1.092,2.065,0.749,0.577,0.88,1.124,0.875,0.934,0.861,1.191,0.809,0.788,0.693,0.497,0.649,0.525,1.087,0.414,0.3,0.756,0.557,0.587,0.804,0.983,0.814,1.449,1.118,0.628,1.186,0.971,0.29,0.867,0.551,0.347,1.2,0.412,0.413,0.332,0.389,0.356,0.836,0.473,0.45,0.242,0.984,0.493,0.753,0.841,0.344,0.42,1.183,0.742,1.337,0.546,0.592,0.462,0.586,0.823,0.798,0.832,,0.193,0.605,1.483,0.853,1.386,0.592,0.833,1.475,0.369,2.71,0.296,0.379,0.269,0.341,0.814,0.4,0.529,0.52,0.745,0.608,0.326,0.655,0.414,0.495,0.398,0.438,0.708,0.871,0.688,0.559,0.379,0.359,0.541,0.419,0.419,0.304,1.149,0.91,0.914,1.074,0.511,0.155,0.631,0.889,0.604,0.749,0.804,0.766,1.148,0.925,1.575,1.135,1.164,2.059,0.656,0.92,1.251,1.12,1.208,0.645,0.814,1.019,0.628,0.604,1.021,1.206,1.184,0.792,0.914,0.667,0.753,1.628,0.297,1.423,0.839,2.471,1.558,1.304,1.313,0.909,0.617,0.556,0.643,0.861,0.383,0.955,1.326,0.178,0.741,0.321,0.969,1.101,0.832,1.89,0.916,0.956,1.01,0.714,0.601,0.529,0.291,0.487,0.205,0.527,0.445,0.352,0.777,0.311,0.249,0.409,1.005,0.352,0.585,0.199,0.788,0.672,0.669,0.497,0.983,0.4,0.785,1.004,0.58,0.463,0.406,0.427,0.362,0.478,0.91,0.502,3.139,0.213,0.114,1.694,2.862,0.19,0.729,3.003,1.373,2.569,0.842,0.439,0.888,0.56,0.517,0.683,2.327,0.705,0.36,0.159,0.259,0.629,0.259,,0.156,0.265,0.512,0.207,0.718,1.567,0.442,0.607,0.465,0.456,1.081,0.267,0.483,0.743,0.61,1.092,0.679,0.502,0.224,0.483,0.223,0.494,1.454,0.865,1.235,1.674,2.658,1.027
20150501,19,CO_24h,1.12,0.697,0.792,2.427,1.103,0.699,0.937,0.898,0.934,1.721,0.751,1.058,0.886,1.577,0.667,0.899,0.438,0.68,0.485,0.62,0.89,0.763,0.497,0.957,1.378,1.331,0.888,1.234,1.554,0.973,0.92,0.493,1.619,0.89,0.78,0.939,0.571,0.892,0.599,0.716,0.498,0.753,0.714,0.619,1.034,0.692,0.699,1.112,0.998,0.663,1.59,1.03,0.826,0.798,0.756,0.575,0.631,0.75,0.43,0.592,0.642,0.698,0.874,0.613,0.643,0.636,0.583,0.778,0.449,1.499,0.814,0.992,0.689,0.727,1.005,0.921,0.7,0.446,0.506,0.519,0.815,1.141,0.829,1.502,1.32,2.117,1.808,0.775,1.088,0.679,1.425,0.996,0.46,0.435,1.116,0.978,0.898,0.772,0.62,0.922,0.637,0.671,0.796,0.99,1.146,0.716,1.485,1.259,1.014,1.674,1.233,0.824,1.395,1.16,1.221,0.774,0.628,0.703,0.577,0.645,0.772,1.242,0.9,1.215,1.382,1.894,1.116,0.817,1.015,1.165,1.176,0.953,0.845,1.24,1.1,0.788,0.655,0.474,0.651,0.728,1.352,0.515,0.589,0.737,0.684,0.789,0.819,0.942,0.79,1.44,0.954,0.593,1.266,0.713,0.503,0.948,0.609,0.456,1.787,0.807,0.416,0.44,0.47,0.397,0.724,0.552,0.425,0.26,1.038,0.493,0.835,0.927,0.614,1.07,1.117,0.918,1.201,0.654,0.758,0.52,0.55,0.952,0.916,0.8,,0.294,0.758,1.318,0.7,1.693,0.654,1.205,1.535,0.902,2.69,0.387,0.71,0.364,0.331,0.502,0.49,0.473,0.604,0.922,0.797,0.698,0.862,1.039,0.847,0.593,0.417,0.775,0.89,0.614,0.759,0.22,0.412,0.63,0.38,0.606,0.397,0.978,0.859,0.716,0.915,0.607,0.149,0.947,0.833,0.507,0.765,0.52,0.698,1.124,0.853,1.219,1.169,1.224,1.146,0.68,1.173,1.18,0.858,1.135,0.679,0.79,1.148,0.672,0.825,0.739,1.194,1.02,0.912,0.988,0.623,1.148,1.558,0.76,1.467,0.954,1.751,1.57,1.163,1.237,1.011,0.794,0.731,0.679,1.17,0.513,1.244,1.586,0.442,0.549,0.329,0.968,1.26,0.768,1.98,0.835,0.969,0.897,0.765,0.413,0.62,0.334,0.714,0.344,0.576,0.69,0.632,0.803,0.46,0.272,0.702,1.077,0.533,0.447,0.298,1.181,0.609,0.582,0.338,0.98,0.698,0.556,1.174,0.539,0.473,0.379,0.649,0.372,0.469,0.68,0.536,3.161,0.305,0.204,1.862,2.907,0.263,0.834,2.915,1.477,2.544,0.898,0.421,1.059,0.559,0.677,0.778,2.132,0.766,0.463,0.453,0.352,1.044,0.381,0.292,0.308,0.382,0.562,0.33,0.912,1.632,0.351,0.651,0.462,0.534,1.063,0.42,0.511,1.37,0.836,1.405,0.698,0.722,0.413,0.518,0.306,0.832,1.295,0.798,1.136,2.168,3.02,1.045
20150501,20,AQI,46,71,36,162,161,87,54,64,58,57,131,163,52,58,99,86,60,97,104,88,143,114,81,70,89,142,99,128,121,84,77,70,73,128,89,76,77,139,113,91,87,85,104,81,92,72,66,54,107,60,82,106,45,30,40,22,24,21,22,31,53,29,60,45,38,81,66,53,82,53,70,67,59,55,48,40,69,99,118,97,66,97,96,134,133,96,105,109,71,101,126,115,62,65,112,48,81,33,30,81,60,25,31,95,49,34,145,56,55,30,35,60,63,66,63,160,124,36,93,72,88,78,81,63,53,149,119,55,30,55,40,59,33,45,56,44,59,23,77,43,74,38,58,86,53,48,81,45,57,89,58,38,78,75,71,56,119,100,86,46,59,57,61,57,71,76,63,56,43,44,93,100,69,88,74,148,83,145,138,166,71,97,83,91,,65,89,133,92,38,57,56,54,35,48,66,98,54,71,99,75,74,62,136,71,94,75,86,95,97,92,74,72,72,58,80,68,86,63,76,37,106,90,138,94,65,67,93,110,87,84,110,50,94,63,70,70,36,69,77,31,36,98,58,45,33,53,100,77,128,108,122,111,63,122,126,103,56,94,56,87,117,89,86,34,40,54,56,53,56,52,66,39,33,31,41,48,45,61,48,65,51,62,52,52,71,49,62,48,21,56,37,67,45,34,86,40,76,70,41,31,61,35,61,69,56,73,41,61,55,67,65,76,53,35,77,56,59,121,58,60,36,97,32,30,71,54,60,86,55,90,58,76,70,67,58,84,72,87,81,91,67,98,47,52,64,66,56,50,54,189,383,129,74,33,40,55,57,159,63,39,92,33,56,64,83,56
20150501,20,PM2.5,32,37,25,121,122,64,18,43,37,21,49,87,27,27,49,28,24,50,61,54,55,62,42,28,64,108,54,42,61,59,41,33,46,62,49,53,56,59,46,67,31,62,70,59,56,39,47,23,60,22,60,79,27,14,19,9,12,12,15,15,36,17,25,16,19,22,12,16,22,22,29,30,19,14,24,20,44,16,29,32,47,72,43,93,55,56,60,81,23,22,77,59,20,16,42,22,42,13,13,59,36,10,12,53,34,13,76,31,31,14,23,42,19,17,18,121,42,19,45,52,65,57,59,44,36,114,89,38,21,38,23,40,9,19,29,8,24,15,22,22,18,22,35,27,27,24,17,20,38,65,24,24,13,15,13,20,89,45,30,14,16,14,11,12,18,16,13,8,12,10,55,50,49,63,48,39,57,40,47,62,40,61,61,48,,46,66,101,68,21,31,14,37,15,33,27,70,27,12,67,45,22,16,48,39,33,34,19,50,39,68,29,41,45,19,32,32,53,44,36,7,79,60,75,70,46,48,69,50,64,60,82,32,70,44,50,26,22,44,56,17,23,73,40,31,20,36,75,56,97,68,92,83,31,92,95,76,11,70,37,61,60,66,63,18,13,21,25,29,39,23,47,23,18,16,17,20,23,34,29,41,27,37,8,17,51,22,32,8,13,20,14,13,31,13,32,18,32,18,16,14,43,15,34,28,9,28,18,15,27,18,36,33,27,11,29,8,19,33,28,12,18,72,11,12,17,13,19,31,14,18,25,23,27,20,21,47,30,45,33,67,28,25,29,19,27,24,24,10,16,77,175,73,22,11,6,10,12,62,14,8,68,23,36,16,17,31
20150501,20,PM2.5_24h,133,78,90,148,81,67,102,71,88,142,81,89,78,70,56,45,35,47,50,44,72,69,42,45,71,107,72,64,73,70,60,27,57,84,52,65,67,64,55,62,33,65,63,65,55,51,57,48,85,13,87,61,40,19,19,11,15,12,13,21,29,16,20,11,22,28,25,20,29,38,38,54,26,34,32,33,84,41,30,32,48,87,71,111,89,80,86,99,22,54,80,58,24,20,74,24,48,9,11,52,42,10,18,67,24,16,65,63,55,43,74,82,39,27,39,61,52,23,40,50,57,56,58,68,61,68,138,94,44,71,60,66,38,37,42,11,22,8,26,40,23,28,59,21,48,47,23,37,49,56,30,43,19,14,49,21,40,61,49,24,10,26,17,20,21,30,17,21,13,12,69,54,54,75,46,68,85,55,69,70,28,92,94,55,,57,77,75,53,50,47,50,67,70,31,30,99,29,32,74,30,77,24,49,43,51,51,47,66,41,53,38,25,34,29,13,28,41,35,38,12,73,63,58,67,54,42,111,47,53,56,73,25,63,51,44,47,30,59,62,44,53,58,41,45,47,57,79,57,90,65,84,75,48,84,76,67,55,75,65,67,68,67,62,67,23,34,30,40,39,66,38,49,19,14,16,22,22,32,31,25,25,29,9,31,57,29,44,17,36,33,13,33,21,21,29,44,26,38,31,12,26,5,33,40,10,24,18,14,25,24,34,30,19,13,22,17,45,54,34,7,21,48,32,29,27,20,32,22,28,35,29,32,25,33,17,71,36,55,41,69,43,37,55,27,23,35,23,14,18,89,156,141,28,14,9,18,28,93,18,54,55,37,44,43,31,39
20150501,20,PM10,35,60,34,272,165,104,29,75,59,62,210,274,51,63,145,64,41,134,156,62,94,84,65,88,104,145,91,93,116,107,74,51,94,92,74,86,94,91,68,97,41,84,117,74,131,92,76,56,127,37,60,99,44,29,39,21,22,18,19,19,44,26,68,44,37,46,28,48,64,53,65,82,63,57,47,36,85,48,47,53,74,126,120,150,89,127,116,148,49,90,123,111,29,29,117,47,63,32,29,78,51,20,30,67,17,33,130,60,58,29,34,60,47,41,38,149,105,35,116,53,90,97,106,60,45,217,88,41,25,49,38,65,32,44,59,43,49,22,54,42,41,36,63,52,54,43,71,44,61,125,63,37,35,45,45,59,69,149,51,37,,16,20,26,46,40,73,28,15,16,82,73,74,123,83,95,114,71,72,93,65,142,103,72,,50,83,157,89,37,62,59,48,34,46,46,143,55,55,146,98,96,35,219,83,111,61,42,96,141,115,70,91,92,62,108,84,119,62,100,28,129,121,100,123,64,67,98,92,82,116,112,49,109,65,84,88,35,86,80,30,35,112,52,44,32,51,107,53,140,163,,135,74,131,174,129,59,110,59,122,181,93,108,21,39,55,60,53,54,51,67,38,29,30,40,47,44,70,47,77,50,61,37,52,89,43,65,18,20,59,36,54,37,28,49,30,51,88,28,30,62,34,45,86,25,54,40,57,41,82,56,85,53,34,102,44,13,190,33,31,35,95,16,16,90,55,64,78,58,29,64,69,55,68,64,91,79,122,99,79,82,118,46,51,76,47,59,49,55,325,485,205,95,12,32,40,31,266,59,8,98,32,53,33,114,49
20150501,20,PM10_24h,181,103,145,206,130,128,148,139,154,215,165,156,148,143,175,96,59,126,200,60,114,87,61,81,107,152,108,121,127,106,94,51,105,125,80,102,100,88,76,89,46,92,84,80,111,81,88,108,152,29,154,112,60,35,40,24,25,18,21,29,45,29,47,25,41,49,46,46,59,123,67,119,81,101,56,47,168,116,52,50,65,131,132,175,131,138,159,176,40,125,134,101,38,39,147,40,66,22,21,67,56,21,41,67,27,33,114,137,104,100,149,145,88,63,89,90,127,55,102,134,77,79,102,131,96,122,205,147,98,99,95,112,68,54,69,32,39,18,44,58,54,47,85,49,79,71,36,92,113,152,84,122,55,51,103,63,92,149,77,60,12,40,36,40,42,49,68,35,22,24,91,74,77,124,77,105,123,77,97,110,46,159,143,89,,83,152,125,72,95,89,114,123,134,63,90,223,63,106,166,84,227,70,155,109,134,85,97,129,190,114,92,67,89,65,46,53,97,63,217,35,112,95,89,121,85,60,129,76,67,102,83,38,83,68,62,77,46,84,116,69,106,110,54,67,74,93,122,93,136,114,121,138,112,123,142,107,95,126,112,119,101,110,107,89,44,51,76,50,51,107,67,73,36,29,39,40,37,67,60,41,43,45,33,76,84,46,63,44,59,63,28,65,47,40,44,66,49,105,49,34,39,21,54,89,25,48,37,39,38,76,47,66,52,33,34,33,51,188,37,15,39,123,66,71,102,47,74,66,84,50,89,71,60,73,37,126,68,110,85,140,125,86,70,57,53,73,58,52,80,301,580,481,85,38,32,67,68,390,45,106,84,42,59,92,122,64
20150501,20,SO2,2,3,11,28,26,10,11,28,35,4,7,22,8,12,11,14,7,7,14,8,17,9,14,22,18,69,16,26,55,22,15,10,13,13,9,11,18,20,10,4,4,10,53,7,15,6,4,6,29,12,19,11,10,7,6,2,8,7,6,6,6,10,10,3,9,6,11,11,9,10,12,10,10,11,13,9,31,8,7,12,5,20,11,53,18,27,38,41,4,13,55,17,8,3,29,11,8,5,5,5,7,2,13,9,5,6,64,13,13,4,18,14,11,19,16,79,13,16,8,7,17,19,14,15,11,12,8,11,16,8,11,17,8,9,7,7,10,2,13,10,24,7,5,6,9,3,13,11,8,8,12,8,4,19,41,13,1,35,34,17,4,6,7,7,7,10,8,3,13,7,9,15,13,37,22,20,29,9,11,28,16,12,19,8,,5,8,9,7,7,17,30,17,21,49,13,6,27,4,14,4,2,2,14,10,12,14,7,4,1,4,10,20,10,8,4,9,21,4,4,26,25,4,105,51,6,6,20,28,8,5,26,20,29,3,7,18,6,7,6,14,6,81,11,7,15,9,57,21,9,17,15,24,11,15,84,11,9,63,17,4,10,10,10,2,7,16,13,6,18,10,32,2,8,3,6,10,48,18,11,5,78,5,27,8,14,9,7,5,3,12,9,21,9,15,25,10,16,7,13,11,7,31,10,19,19,31,23,7,6,11,7,20,10,18,8,5,9,28,7,4,5,14,16,9,65,10,4,15,6,2,16,3,7,5,9,4,5,8,24,24,2,9,2,4,9,5,2,15,16,6,11,89,6,14,4,6,4,3,6,4,26,4,24,10,10,15
20150501,20,SO2_24h,14,14,46,77,22,18,29,33,38,27,33,30,28,22,13,25,10,10,12,9,21,12,15,20,19,45,19,31,43,26,16,6,15,30,14,15,24,27,12,7,4,28,32,7,18,5,11,24,30,12,26,19,19,9,7,3,9,7,6,7,6,17,9,3,7,6,10,23,7,12,7,12,11,11,22,14,17,6,14,11,8,41,15,64,36,69,54,37,7,22,73,35,10,5,49,13,7,5,4,5,7,2,17,12,6,13,32,16,24,16,42,19,19,24,24,58,15,14,30,11,35,22,55,31,18,24,30,61,33,8,23,30,13,8,16,4,10,3,9,13,36,9,16,7,7,6,13,10,7,7,7,12,15,26,59,8,2,40,46,17,4,10,7,10,9,13,7,5,13,8,12,19,13,35,22,21,36,20,17,29,14,16,21,21,,17,16,23,7,15,27,39,27,35,56,17,20,41,4,13,5,4,2,47,20,14,12,14,5,6,5,11,19,11,15,4,9,14,15,6,27,24,7,26,43,40,5,21,17,19,8,37,20,30,2,10,21,7,5,11,22,36,42,14,15,19,25,91,34,33,23,25,44,16,20,45,20,22,42,25,16,19,20,31,7,13,38,22,7,32,16,37,2,12,3,8,17,47,23,15,7,23,9,14,7,11,15,7,15,4,12,10,19,7,15,24,14,27,16,14,10,6,11,10,60,16,16,20,7,5,12,8,12,9,16,7,5,11,38,10,3,6,11,20,21,12,7,5,18,6,7,9,6,9,8,9,13,5,9,19,26,3,10,5,5,5,6,3,13,16,10,17,149,7,14,4,7,10,3,10,7,23,6,13,22,20,17
20150501,20,NO2,31,12,20,46,32,31,20,30,29,8,27,13,28,22,31,28,38,22,35,24,38,37,16,24,26,58,43,52,51,22,18,12,30,39,23,37,44,29,26,12,19,39,40,19,29,45,19,19,29,22,53,78,19,31,28,11,13,7,7,17,14,13,17,23,35,34,17,18,18,34,33,23,23,18,23,11,36,15,19,10,22,29,25,40,26,34,45,25,17,10,27,38,13,21,17,30,10,19,8,14,5,6,37,13,9,13,30,28,25,24,40,16,15,26,18,40,17,18,10,19,21,26,23,28,26,41,37,24,31,47,21,17,15,15,31,10,19,9,37,18,25,23,20,19,14,16,21,40,25,46,32,33,7,23,19,11,20,33,25,11,12,16,8,16,17,7,21,9,11,4,23,30,47,58,36,21,46,16,41,31,13,26,26,18,,21,13,34,39,16,18,18,17,25,24,19,12,16,19,34,17,12,5,13,19,18,9,14,9,13,42,21,21,26,20,12,15,14,21,13,12,28,24,17,38,15,7,43,42,13,21,9,28,16,25,36,14,19,31,16,10,29,28,29,4,20,11,26,25,26,34,56,27,21,27,22,25,19,22,21,16,20,21,16,8,11,5,18,9,34,16,17,13,13,3,8,15,13,14,9,9,15,7,22,13,23,24,16,14,26,23,29,17,5,11,15,25,17,2,31,27,39,18,4,24,9,9,14,10,13,26,15,31,3,11,13,7,12,27,1,1,10,38,13,18,24,27,9,10,51,17,17,16,14,45,14,32,9,16,9,20,11,12,14,14,15,11,9,20,6,3,13,19,8,5,5,4,3,6,15,8,47,15,14,7,10,21
20150501,20,NO2_24h,47,23,40,58,36,28,33,18,32,27,38,21,46,21,18,35,37,32,39,23,48,42,13,20,29,35,40,49,43,25,18,14,25,41,30,43,45,34,29,23,16,48,32,16,28,30,31,33,33,15,55,50,27,30,23,11,16,6,7,22,12,18,24,10,22,26,23,22,13,21,35,27,20,42,27,16,19,10,24,11,14,31,31,33,23,47,51,23,25,21,31,30,27,21,32,24,10,12,6,16,5,5,33,9,19,17,27,13,20,22,56,12,28,35,42,33,32,17,13,24,26,28,35,37,22,32,39,41,27,35,32,31,15,10,23,10,15,8,19,18,33,13,16,12,11,23,13,20,16,21,20,26,13,24,15,19,16,37,29,21,8,37,13,24,31,11,18,16,15,6,27,38,48,48,34,35,45,14,46,40,9,23,32,38,,31,35,31,33,22,16,19,13,25,8,15,15,21,13,23,14,6,5,20,29,32,29,33,21,17,21,29,20,17,22,13,22,17,23,18,16,27,20,21,47,21,9,47,43,20,15,8,25,16,19,27,15,25,21,22,13,23,25,19,10,15,21,31,38,32,41,38,29,22,22,28,29,41,36,31,32,32,17,20,11,23,11,14,14,33,17,29,8,15,3,10,15,13,11,11,8,22,17,12,13,12,20,12,12,28,21,16,11,5,29,20,35,9,2,23,10,22,6,6,28,7,12,12,7,11,26,17,25,3,13,12,10,11,29,3,2,11,15,8,13,18,14,14,14,26,22,11,14,12,52,11,30,13,10,16,20,16,19,10,10,9,13,6,32,9,13,11,19,16,16,7,18,19,10,14,21,30,13,10,29,11,18
20150501,20,O3,47,71,60,85,89,32,78,58,63,64,82,86,51,38,80,108,87,112,48,122,190,138,122,75,130,112,107,105,112,110,100,114,42,116,135,111,72,137,126,122,132,83,110,132,73,65,64,61,137,102,8,24,57,16,32,37,29,31,23,39,48,39,54,18,40,125,97,88,126,19,86,94,98,70,55,68,94,144,160,153,80,98,104,165,167,98,127,126,99,121,167,125,109,92,118,36,137,35,30,64,111,45,26,141,28,50,182,58,31,23,31,46,91,83,106,149,161,63,123,54,63,109,61,22,56,53,8,54,40,18,82,69,34,48,63,74,92,36,129,58,99,55,84,126,32,80,119,62,28,31,39,29,117,123,104,108,111,91,125,80,110,107,104,98,121,98,62,100,85,89,120,119,56,83,89,196,72,164,151,197,119,66,90,103,,54,100,97,79,26,100,32,25,60,30,97,91,97,114,79,81,47,110,62,103,103,124,129,120,63,44,110,71,93,99,82,103,98,70,69,71,139,155,188,30,31,75,59,129,74,93,6,68,52,60,21,65,44,71,45,41,46,64,24,47,34,60,67,78,65,92,,25,48,144,40,65,42,66,62,79,80,68,61,44,65,82,82,62,65,72,72,17,54,22,50,62,59,49,34,81,60,104,82,79,101,92,101,78,24,42,41,111,77,74,111,72,90,45,62,18,50,50,114,98,99,124,75,96,95,96,107,101,80,50,108,105,105,88,99,103,63,69,48,47,94,60,99,131,68,144,88,116,115,108,68,129,125,105,127,126,111,160,10,104,70,109,53,80,19,57,68,92,117,40,76,107,114,79,101,57,77,38,89,98,51,87
20150501,20,O3_24h,164,176,137,236,98,134,155,233,206,161,194,202,144,126,119,156,133,176,105,159,217,188,150,146,151,244,189,227,232,155,143,138,63,248,180,153,114,243,206,164,151,172,192,169,101,143,99,265,182,124,114,143,85,77,54,47,61,49,36,74,78,71,80,47,88,158,130,113,147,104,149,117,116,76,78,90,122,165,192,163,109,113,173,219,210,191,183,182,141,185,202,198,127,130,197,82,143,86,51,76,134,56,96,165,43,56,226,189,125,78,103,125,137,134,123,163,210,89,177,121,75,132,84,127,110,208,119,123,141,68,100,102,55,92,90,92,121,44,148,84,146,108,113,171,50,107,143,112,72,87,72,108,145,136,134,122,124,173,149,98,116,118,123,117,145,149,113,116,88,93,167,179,80,149,162,226,126,228,227,252,127,140,137,180,,75,120,150,97,70,214,115,109,175,55,125,200,119,130,168,108,119,115,131,141,172,137,164,183,148,120,140,108,138,119,136,130,158,99,170,86,198,182,207,80,52,98,118,190,97,119,27,89,64,90,83,114,83,149,101,66,107,117,67,78,126,125,163,155,121,171,151,151,108,189,137,137,136,121,130,142,134,165,107,77,91,86,113,83,83,120,74,74,77,29,61,84,102,80,52,108,95,120,111,96,140,125,128,127,52,72,86,146,87,76,166,90,145,100,115,39,110,77,114,128,114,129,81,120,108,123,127,142,115,70,120,110,115,93,114,116,76,95,160,170,110,100,115,145,105,151,112,135,131,131,78,146,131,123,140,143,114,165,23,86,84,126,63,95,19,59,83,110,133,101,85,110,114,87,120,140,115,111,132,135,102,118
20150501,20,O3_8h,65,124,71,180,87,92,103,78,108,96,161,155,100,45,86,142,110,155,80,144,206,174,135,116,145,185,157,189,181,139,131,122,57,189,145,130,96,201,173,140,143,132,163,135,84,99,87,69,166,110,44,64,64,44,43,40,47,40,30,60,55,57,68,35,54,135,118,102,137,37,122,101,109,72,69,79,109,157,178,155,95,109,153,196,195,154,164,160,124,160,187,175,113,116,172,46,135,60,40,65,110,49,55,152,35,54,208,79,48,31,50,54,114,117,114,147,185,64,150,80,68,121,67,23,88,154,32,53,43,34,78,80,32,70,79,73,109,39,131,71,127,75,83,141,35,94,135,67,36,74,57,45,132,128,123,106,115,147,141,90,109,107,112,107,124,129,94,105,85,87,150,158,70,118,127,211,104,208,200,230,123,112,86,147,,67,97,127,79,34,96,37,25,64,43,118,131,103,123,84,93,61,113,109,123,151,128,141,152,95,83,127,91,123,108,114,108,92,78,123,72,165,146,200,57,38,90,84,169,85,83,7,72,48,76,53,86,58,120,68,55,68,86,48,58,54,77,110,112,66,150,100,97,77,175,91,73,51,74,65,83,90,80,81,66,77,80,102,75,70,100,61,56,65,22,52,75,85,68,43,97,81,113,101,81,111,96,113,94,41,46,67,119,81,66,142,78,129,79,81,30,89,67,111,111,106,126,78,112,104,114,116,129,99,56,114,105,109,86,108,110,69,85,62,59,104,84,110,141,94,146,102,129,122,119,73,139,125,115,135,137,110,156,15,81,79,117,59,89,18,54,65,101,116,64,78,104,107,78,114,76,100,63,106,115,80,106
20150501,20,O3_8h_24h,204,192,164,198,89,113,195,234,207,175,183,193,125,125,140,149,118,163,92,146,207,181,135,124,147,193,163,198,187,139,138,128,59,207,196,139,110,206,189,150,174,165,172,171,90,151,110,140,178,117,157,180,87,131,62,49,108,69,48,158,122,107,69,45,105,149,119,105,138,128,126,101,109,72,75,100,110,157,179,155,126,117,179,196,198,165,178,165,130,169,188,180,117,120,181,103,135,64,47,77,139,50,149,153,53,55,211,188,123,103,130,124,122,124,121,147,194,88,151,102,68,122,114,142,98,180,186,163,154,123,170,143,83,103,80,84,111,41,134,112,128,124,104,141,55,96,137,125,118,106,85,141,132,130,123,106,115,166,158,91,110,107,115,114,129,131,99,107,94,92,164,160,78,128,145,211,108,210,203,231,123,115,113,160,,73,157,131,105,84,203,109,112,178,73,119,175,106,123,189,101,91,113,127,134,162,141,149,164,122,111,138,107,128,109,115,110,118,98,128,80,167,150,202,66,46,93,102,176,85,98,84,81,57,107,76,118,113,147,87,96,139,178,106,82,113,161,153,136,140,157,141,151,134,183,148,141,135,153,167,174,163,171,129,87,81,84,129,78,70,109,68,75,79,27,57,76,87,76,57,98,81,113,119,120,139,176,162,131,60,69,102,149,82,73,145,90,134,81,109,32,97,69,113,118,108,126,80,116,105,116,119,130,104,60,114,105,110,86,108,111,100,105,146,158,104,97,110,141,94,146,102,129,155,119,73,139,125,115,135,137,110,157,21,84,79,117,59,90,18,59,70,101,119,81,81,104,107,78,116,162,103,134,108,119,105,110
20150501,20,CO,0.558,0.465,0.403,1.518,1.36,0.666,0.565,0.816,0.724,0.466,0.391,0.799,0.463,1.34,0.704,0.551,0.437,0.628,0.439,0.672,0.868,0.682,0.537,0.641,1.335,1.36,0.797,1.073,1.865,0.899,0.854,0.465,1.548,0.776,0.635,0.914,0.602,0.858,0.5,0.652,0.47,0.874,0.916,0.718,0.932,0.76,0.64,1.213,0.902,0.556,1.483,1.865,0.733,0.757,0.763,0.633,0.584,0.732,0.525,0.529,0.7,0.579,0.757,0.564,0.704,0.621,0.564,0.651,0.444,1.737,0.712,0.806,0.664,0.475,0.757,0.534,0.737,0.419,0.502,0.602,0.822,1.158,0.741,1.46,1.078,1.896,1.519,0.718,0.908,0.359,1.373,0.881,0.399,0.403,0.792,0.981,0.915,0.84,0.674,0.885,0.642,0.747,0.74,1.042,1.036,0.494,1.771,1.313,1.117,1.809,0.977,0.63,1.024,0.984,0.639,1.132,0.586,0.653,0.518,0.534,0.73,1.763,0.656,1.072,1.172,2.052,1.006,0.552,0.925,1.114,0.885,0.92,0.87,1.217,0.938,0.79,0.734,0.522,0.647,0.583,1.079,0.48,0.448,0.796,0.633,0.571,0.843,1.079,0.813,2.184,1.137,0.764,1.176,0.888,0.429,0.91,0.556,0.315,1.164,0.419,0.417,0.338,0.358,0.352,0.723,0.452,0.44,0.208,0.973,0.493,0.728,0.839,0.389,0.711,1.258,0.693,1.132,0.551,0.605,0.517,0.583,0.879,0.829,0.828,,0.209,0.606,1.503,0.72,1.413,0.598,0.845,1.464,0.478,2.78,0.334,0.417,0.268,0.363,1.135,0.389,0.541,0.559,0.685,0.632,0.198,0.714,0.394,0.628,0.424,0.434,0.724,0.938,0.718,0.63,0.476,0.378,0.538,0.396,0.391,0.265,1.09,0.886,0.921,1.164,0.515,0.175,0.926,1.022,0.613,0.777,0.797,0.872,1.147,0.993,1.627,1.239,1.094,1.512,0.721,1.036,1.378,1.263,1.389,0.618,0.653,0.922,0.644,0.613,0.794,1.188,0.986,0.655,0.931,0.767,0.551,1.64,0.288,1.298,0.736,1.686,1.613,1.353,1.505,0.972,0.613,0.527,0.724,0.884,0.329,1.01,0.978,0.434,0.677,0.339,0.946,1.11,0.855,1.962,1.001,0.9,0.841,0.744,0.594,0.551,0.394,0.545,0.281,0.61,0.605,0.385,0.963,0.426,0.223,0.412,0.903,0.465,0.638,0.311,1.004,1.137,0.661,0.528,1.028,0.433,0.72,1.088,0.575,0.524,0.446,0.595,0.379,0.643,0.745,0.518,3.286,0.23,0.125,1.5,2.865,0.204,0.786,3.157,1.378,2.575,0.886,0.628,0.902,0.51,0.797,0.584,2.346,0.768,0.35,0.291,0.31,0.744,0.263,,0.15,0.337,0.542,0.267,0.784,1.607,0.424,0.636,0.572,0.468,1.034,0.276,0.543,0.849,0.631,1.142,0.728,0.576,0.237,0.525,0.286,0.447,1.429,0.824,1.849,1.629,2.631,1.076
20150501,20,CO_24h,1.109,0.684,0.783,2.402,1.116,0.702,0.935,0.883,0.914,1.689,0.736,1.046,0.882,1.557,0.665,0.894,0.436,0.673,0.481,0.613,0.898,0.744,0.48,0.957,1.365,1.346,0.868,1.236,1.59,0.961,0.902,0.488,1.624,0.889,0.763,0.939,0.575,0.891,0.589,0.713,0.492,0.752,0.72,0.62,1.036,0.696,0.691,1.117,0.989,0.656,1.598,1.067,0.878,0.789,0.755,0.578,0.62,0.746,0.424,0.586,0.643,0.688,0.868,0.616,0.644,0.629,0.578,0.775,0.449,1.492,0.816,0.988,0.69,0.727,0.999,0.905,0.689,0.433,0.51,0.517,0.816,1.136,0.828,1.495,1.315,2.12,1.807,0.767,1.089,0.674,1.426,0.987,0.457,0.421,1.112,0.97,0.895,0.776,0.618,0.915,0.634,0.672,0.761,0.989,1.143,0.714,1.492,1.243,1.023,1.837,1.221,0.791,1.362,1.153,1.194,0.784,0.624,0.7,0.574,0.641,0.772,1.265,0.897,1.211,1.384,1.906,1.128,0.815,0.997,1.161,1.162,0.95,0.839,1.238,1.085,0.787,0.651,0.475,0.632,0.704,1.35,0.498,0.567,0.731,0.671,0.779,0.822,0.921,0.773,1.462,0.961,0.586,1.272,0.73,0.511,0.95,0.609,0.454,1.706,0.804,0.414,0.431,0.466,0.392,0.72,0.547,0.419,0.255,1.032,0.489,0.817,0.899,0.593,1.037,1.115,0.919,1.206,0.644,0.751,0.52,0.544,0.956,0.916,0.798,,0.292,0.755,1.328,0.696,1.696,0.64,1.19,1.521,0.864,2.689,0.389,0.71,0.355,0.332,0.522,0.487,0.484,0.599,0.894,0.789,0.63,0.849,1.004,0.825,0.585,0.421,0.769,0.895,0.634,0.765,0.222,0.415,0.63,0.384,0.594,0.364,0.991,0.864,0.728,0.933,0.576,0.148,0.959,0.845,0.516,0.773,0.599,0.699,1.12,0.859,1.23,1.17,1.224,1.173,0.677,1.189,1.206,0.877,1.147,0.67,0.758,1.131,0.668,0.815,0.748,1.191,1.024,0.908,0.984,0.626,1.143,1.567,0.73,1.46,0.937,1.769,1.578,1.174,1.254,1.009,0.787,0.719,0.678,1.145,0.505,1.229,1.57,0.437,0.545,0.328,0.964,1.261,0.769,1.981,0.829,0.958,0.689,0.765,0.419,0.613,0.318,0.687,0.332,0.569,0.682,0.601,0.8,0.447,0.27,0.682,1.067,0.533,0.455,0.296,1.171,0.63,0.587,0.348,0.98,0.697,0.557,1.174,0.537,0.472,0.383,0.631,0.374,0.472,0.686,0.536,3.158,0.302,0.202,1.853,2.906,0.258,0.816,2.919,1.457,2.528,0.897,0.432,1.056,0.559,0.665,0.775,2.142,0.771,0.449,0.448,0.342,1.041,0.374,0.288,0.301,0.386,0.562,0.329,0.921,1.63,0.354,0.641,0.465,0.543,1.067,0.419,0.513,1.357,0.836,1.409,0.702,0.727,0.413,0.518,0.301,0.813,1.294,0.775,1.156,2.14,2.989,1.038
20150501,21,AQI,46,61,38,119,174,66,47,87,65,51,93,86,51,58,94,82,56,114,75,86,140,109,78,58,96,146,93,116,111,81,72,68,68,114,89,77,85,129,105,94,85,75,97,80,96,70,64,44,104,59,48,98,32,31,41,25,24,20,19,28,53,27,46,36,40,80,63,55,81,54,66,80,56,59,42,38,80,96,113,96,67,100,88,189,130,89,98,111,68,96,121,108,61,61,102,43,81,50,25,77,61,25,27,92,46,43,141,59,43,40,32,60,60,61,61,177,118,34,91,65,83,75,75,56,49,106,109,63,39,54,41,61,34,33,55,38,56,22,79,41,70,41,67,84,53,46,78,50,58,107,60,47,77,72,66,57,108,94,82,45,59,58,60,56,71,72,67,55,44,44,88,94,70,93,78,144,82,138,132,158,71,95,99,82,,63,109,89,82,37,58,60,55,51,54,61,94,53,69,104,69,75,61,91,67,132,74,84,87,84,91,72,73,94,66,72,71,79,71,63,36,109,95,136,93,69,74,109,102,89,91,81,49,92,60,65,78,41,65,75,33,35,103,60,47,37,58,103,78,108,87,67,62,60,126,81,100,56,96,44,100,124,87,78,32,41,42,61,49,65,55,82,45,32,26,34,38,42,60,51,50,50,61,50,55,91,50,65,46,25,54,46,66,54,35,81,52,71,76,39,60,69,39,61,72,56,71,43,61,52,72,63,85,48,29,77,57,58,121,56,56,44,121,30,29,77,58,59,82,83,87,70,71,70,72,70,85,72,106,84,91,61,101,58,55,82,64,61,49,53,143,288,139,86,29,40,55,57,150,69,35,116,33,55,61,96,61
20150501,21,PM2.5,32,31,26,68,131,47,13,64,46,23,43,49,28,28,45,34,20,46,51,50,59,58,51,28,71,111,58,47,61,48,35,30,40,65,55,56,62,63,49,70,32,54,72,56,59,40,45,23,68,26,33,73,17,15,18,8,12,12,13,16,35,15,19,14,22,22,14,21,33,23,34,42,18,14,18,23,52,20,33,37,48,75,42,96,62,52,66,83,19,18,78,63,17,16,35,24,42,16,12,56,35,10,10,56,32,17,83,34,20,18,22,42,18,14,18,133,30,19,43,46,61,54,48,39,34,79,81,44,23,36,21,37,12,16,31,13,25,14,24,21,22,23,45,22,27,30,14,22,39,68,28,22,9,18,18,15,80,38,34,19,14,18,14,8,17,22,15,12,11,12,50,54,50,69,57,44,60,41,45,61,43,69,74,48,,44,81,66,60,16,35,17,38,17,33,28,68,24,21,74,47,22,22,43,45,42,41,18,50,34,67,28,42,57,36,37,41,50,51,25,4,81,61,79,69,49,53,81,65,66,67,59,30,68,40,46,27,27,45,54,13,19,76,42,32,22,40,76,57,80,61,48,43,22,95,59,75,12,71,24,75,63,64,57,21,19,17,28,34,46,33,43,28,18,16,14,17,21,38,29,35,24,33,8,16,67,27,34,7,16,21,19,18,21,14,29,34,37,18,22,20,49,12,32,23,14,26,21,21,31,22,37,57,27,17,47,9,24,46,16,20,22,91,12,12,17,23,21,34,23,20,38,26,31,25,22,55,35,58,41,67,26,24,32,30,46,41,34,10,13,73,85,81,25,7,7,11,13,60,20,7,87,23,38,16,17,43
20150501,21,PM2.5_24h,131,75,88,141,83,67,99,69,87,136,80,87,78,68,56,45,34,47,50,43,73,68,41,45,72,109,71,63,74,69,57,27,57,84,52,64,66,64,52,62,33,65,63,63,56,51,56,46,83,13,86,61,38,18,19,11,15,12,13,20,29,16,20,11,21,26,24,20,29,35,38,54,25,34,31,32,83,38,31,31,48,86,70,111,88,80,86,99,21,53,80,58,24,19,74,23,48,10,12,52,42,10,16,67,25,16,66,62,53,42,72,81,38,26,39,63,51,23,40,50,59,57,57,67,60,69,137,85,43,69,57,64,36,35,41,11,22,8,25,36,23,25,56,20,47,46,23,36,47,57,28,42,19,14,41,20,41,61,46,23,10,25,17,20,20,30,17,20,12,12,67,52,52,74,45,68,84,55,68,70,27,92,93,56,,57,78,74,54,48,46,49,65,65,31,28,100,29,29,75,31,52,24,50,43,49,50,46,66,41,54,37,25,35,30,14,29,41,36,38,10,75,64,59,68,54,42,111,47,54,57,55,25,64,51,44,46,30,58,62,44,51,59,41,44,44,55,79,58,91,65,84,74,47,84,76,67,53,74,63,68,68,67,62,64,23,33,30,39,38,64,38,47,18,14,16,22,22,32,30,25,25,29,9,30,56,25,42,16,35,32,12,32,20,20,28,43,27,36,31,13,27,6,32,41,10,24,18,14,26,24,34,31,19,14,23,15,44,53,31,7,18,48,30,27,26,19,31,22,24,34,28,31,23,31,16,69,37,54,41,69,42,37,52,27,24,35,22,13,18,88,151,138,29,14,9,18,28,91,17,52,55,36,43,44,30,41
20150501,21,PM10,,65,35,185,178,56,29,84,66,50,132,60,50,64,135,72,37,176,97,57,102,67,68,59,109,148,97,101,98,100,72,60,84,96,81,92,100,90,70,102,44,58,124,71,140,87,69,43,137,42,36,74,26,30,40,24,23,18,15,24,54,22,45,35,39,49,32,58,67,56,69,108,58,65,41,31,108,62,50,57,80,123,86,326,97,110,131,158,46,71,118,121,24,28,102,42,60,49,24,72,47,18,15,70,16,42,129,66,42,39,27,51,44,36,34,175,86,33,95,51,83,83,98,60,48,82,83,,38,55,26,70,33,31,58,35,47,21,56,40,46,40,81,51,53,44,42,49,64,162,67,46,58,42,66,52,94,136,49,40,15,16,19,22,41,38,82,19,14,20,69,75,77,118,86,93,106,65,81,93,64,137,124,70,,,96,89,80,36,63,68,51,50,55,57,135,53,69,156,86,97,40,130,75,211,68,40,86,115,106,63,94,135,79,92,89,106,63,54,25,133,125,109,127,65,74,104,115,91,122,72,48,104,68,77,104,40,77,77,32,34,114,50,46,36,54,101,44,97,91,,72,68,155,79,123,59,121,43,119,196,93,99,24,40,41,70,39,57,57,112,44,27,25,33,33,36,68,50,49,49,49,43,57,115,49,77,29,24,56,45,62,56,28,42,52,56,99,38,67,72,38,49,91,24,62,42,57,41,91,59,117,38,28,102,62,30,190,29,38,43,116,20,19,102,64,65,76,113,28,88,75,68,91,88,97,83,159,115,129,67,109,64,58,112,70,69,48,53,234,410,226,119,21,39,39,43,249,86,10,116,28,52,31,139,61
20150501,21,PM10_24h,184,101,143,202,132,127,144,132,151,207,164,152,144,138,167,96,58,127,201,58,114,82,58,81,108,154,107,121,126,103,90,50,106,124,79,100,100,88,73,89,45,90,86,79,113,81,87,104,150,28,154,108,59,32,40,24,23,18,20,29,47,28,48,25,39,47,45,46,59,118,67,119,77,101,55,47,166,108,52,49,66,130,131,182,129,138,158,176,39,122,134,101,37,37,148,39,66,24,21,67,55,20,32,67,27,34,113,132,101,95,144,140,86,62,86,91,124,54,100,134,78,80,101,130,94,121,204,142,94,95,90,110,63,50,67,32,39,18,43,52,54,44,83,45,76,70,36,87,106,156,74,118,54,51,96,62,87,147,73,58,12,39,35,39,41,48,67,33,20,23,88,72,75,123,76,104,122,76,97,110,45,160,143,89,,81,149,123,73,92,85,113,121,128,62,80,222,60,89,167,83,221,68,157,108,135,85,94,128,192,115,90,68,91,66,47,55,99,64,206,32,115,97,90,121,84,61,129,77,68,103,62,39,84,68,61,77,45,85,114,68,105,108,53,64,69,89,121,92,135,112,121,137,109,123,141,107,93,126,108,119,106,109,106,86,44,50,74,47,51,104,68,71,36,29,39,40,36,66,59,40,44,45,33,74,82,40,61,42,56,59,26,65,47,39,44,64,49,104,48,36,40,22,54,90,25,48,37,39,39,76,46,67,50,33,35,34,41,186,37,17,36,122,60,66,105,44,74,66,70,49,80,71,58,72,39,123,70,111,86,139,120,87,70,58,56,71,58,51,79,295,554,472,87,38,31,65,68,378,46,104,84,39,59,90,124,65
20150501,21,SO2,2,3,10,28,23,14,11,27,32,3,6,19,7,14,10,18,6,5,12,8,17,9,13,20,18,76,16,30,52,21,14,6,12,13,9,11,17,21,11,4,4,7,66,6,12,8,4,5,30,12,17,11,9,6,7,3,8,7,6,6,7,12,8,3,9,7,12,21,9,10,9,12,10,12,10,13,22,7,9,19,7,24,10,14,21,32,58,48,3,12,63,18,7,6,38,9,8,5,5,5,8,2,13,10,5,12,65,22,14,4,17,18,9,23,13,81,14,15,8,7,23,21,15,13,11,9,11,11,21,7,9,17,8,8,9,5,10,3,12,11,15,8,9,8,9,3,18,12,8,9,20,9,5,46,51,12,1,30,34,14,4,6,7,8,8,9,7,5,13,7,9,15,13,24,18,20,27,7,12,25,14,12,26,7,,4,8,5,6,7,18,67,16,22,49,15,4,32,8,12,5,2,2,9,12,8,14,8,4,2,3,8,21,10,16,4,9,19,4,3,23,24,4,105,41,10,5,25,28,8,5,33,47,31,3,6,19,8,5,7,15,17,60,26,11,14,6,64,21,8,10,17,23,10,18,76,10,10,4,16,4,7,9,10,2,10,10,13,6,31,13,30,3,6,2,8,10,35,20,11,5,12,5,26,8,19,8,10,7,2,11,10,23,7,13,8,10,22,7,15,13,8,74,9,25,17,26,28,7,6,12,6,23,9,19,12,5,10,34,8,4,5,15,16,8,34,10,6,15,11,3,11,9,7,12,8,9,6,7,24,25,2,15,3,7,12,6,3,13,16,6,12,90,7,16,4,5,15,3,7,4,30,5,25,10,13,14
20150501,21,SO2_24h,14,14,45,76,22,18,29,33,38,26,33,29,27,22,13,26,10,10,13,9,21,11,14,20,18,48,19,31,44,26,16,6,15,29,14,15,24,26,12,7,4,27,33,7,18,5,10,24,30,12,27,19,18,8,7,3,9,7,6,7,6,17,9,3,7,6,10,23,7,12,7,13,11,11,22,14,17,6,14,11,8,40,14,64,36,68,55,38,7,22,74,34,10,5,50,13,8,5,4,5,7,2,17,12,6,13,34,16,24,15,41,19,18,23,24,58,15,14,29,11,36,23,53,31,17,23,29,57,32,8,22,30,13,8,15,4,10,3,9,12,36,8,15,7,7,6,13,9,6,7,7,11,15,27,59,9,2,39,44,16,4,9,7,10,9,12,7,5,13,8,12,19,12,34,22,21,36,19,17,29,14,16,21,19,,16,16,22,7,15,25,40,26,33,55,17,20,40,5,12,5,4,2,45,20,14,13,14,5,6,5,11,20,11,16,4,10,14,15,6,26,24,7,30,44,39,5,22,18,19,8,40,19,30,3,9,21,7,5,11,23,36,43,14,15,19,24,91,33,33,23,25,44,16,20,47,20,21,40,25,16,19,20,31,6,12,37,21,6,31,16,37,2,12,3,8,17,46,24,14,7,23,8,15,6,10,14,7,15,4,12,10,19,7,15,24,14,27,13,14,10,6,14,10,59,16,17,20,7,5,12,8,12,9,17,7,5,11,38,10,3,6,11,20,18,14,7,5,18,6,7,9,6,9,8,9,13,5,9,19,26,3,10,5,5,5,5,3,13,16,10,17,149,7,14,4,7,10,3,10,7,23,6,13,21,20,18
20150501,21,NO2,30,12,20,43,37,30,20,35,20,6,24,10,30,22,31,29,34,22,31,21,37,32,14,24,28,61,35,56,45,19,17,10,23,41,19,33,48,36,25,11,17,26,42,18,28,49,26,18,33,15,51,63,14,31,32,12,15,7,8,26,14,14,18,15,42,43,17,24,36,39,41,34,48,28,19,13,43,17,25,14,26,25,22,23,27,36,50,29,13,10,27,38,11,27,17,39,10,23,9,15,6,6,25,16,7,21,31,19,28,27,39,12,14,29,15,48,17,18,7,19,25,24,22,24,29,31,41,23,30,21,23,21,11,20,29,10,19,9,44,20,35,29,26,26,24,17,23,34,25,46,36,33,6,49,28,16,24,32,34,11,12,18,7,16,12,6,16,9,9,4,20,28,44,38,31,23,37,13,38,30,11,25,26,14,,18,12,25,35,15,19,28,13,27,35,34,16,18,26,34,18,14,10,13,19,17,7,11,15,11,36,16,22,23,22,13,13,12,19,14,12,31,24,19,43,16,9,36,43,15,26,8,29,12,23,37,16,19,25,15,10,27,36,27,4,16,8,31,23,28,22,55,25,19,30,19,30,16,17,18,8,20,20,13,8,14,8,19,8,31,21,17,9,12,3,8,10,10,20,8,12,23,9,24,18,25,35,22,16,36,23,30,21,7,10,14,27,10,1,37,38,49,23,4,29,9,13,18,6,18,60,15,50,3,11,36,7,15,28,1,8,14,53,11,17,23,23,11,18,69,30,20,27,17,52,11,18,9,9,16,36,10,17,22,27,37,25,16,21,7,8,10,30,12,7,4,17,26,6,27,8,41,18,12,5,11,26
20150501,21,NO2_24h,47,22,40,58,36,28,32,18,31,26,37,20,45,21,18,35,36,31,38,22,46,40,13,21,28,37,39,48,43,25,18,13,24,40,29,42,44,33,28,23,16,45,32,16,28,31,31,32,32,15,55,49,26,29,22,11,15,6,7,22,12,18,23,10,22,26,21,21,14,21,35,27,21,42,27,16,20,9,25,11,14,31,30,33,23,48,50,23,24,21,31,30,26,20,32,24,10,12,6,16,5,5,32,9,19,17,27,13,20,22,56,12,27,35,41,34,31,16,12,23,25,27,35,36,23,32,39,39,27,34,31,30,15,11,22,10,15,8,20,16,33,13,15,13,11,22,13,20,15,21,21,24,13,26,16,19,16,36,28,21,8,34,12,23,28,11,18,14,15,5,26,37,48,48,33,34,45,14,45,39,9,23,32,36,,29,34,31,32,22,16,19,13,25,9,16,15,20,14,23,14,6,5,19,28,29,28,30,20,16,22,28,21,17,23,13,22,17,23,17,16,26,21,20,47,21,9,46,42,20,15,9,25,15,19,26,14,25,21,21,13,23,26,19,8,15,20,31,38,32,41,39,29,21,22,28,29,39,35,30,31,32,17,19,11,22,10,14,13,33,17,29,8,15,2,10,15,12,12,10,8,22,17,12,12,12,19,12,11,28,21,16,12,5,27,20,34,9,2,23,11,23,7,6,27,7,12,12,7,11,26,17,26,3,13,12,10,11,29,3,2,11,17,8,13,18,15,14,14,28,22,12,15,12,53,11,29,13,10,17,21,16,19,11,11,10,13,7,32,9,12,10,18,16,16,7,19,20,9,14,21,30,13,10,28,11,18
20150501,21,O3,46,68,55,82,77,34,71,42,71,65,87,85,48,36,74,104,84,92,54,120,178,130,118,71,119,73,107,82,103,102,84,119,44,98,140,105,60,109,114,127,132,98,93,128,69,53,54,64,128,111,8,32,69,15,25,32,25,28,20,30,47,34,49,15,29,98,85,79,107,14,70,71,72,60,61,60,82,119,136,142,64,93,86,73,162,77,110,109,100,112,149,110,114,85,101,21,129,47,30,52,105,38,23,132,25,45,169,64,30,22,31,48,89,75,109,117,142,63,125,54,60,96,57,25,38,70,6,52,39,35,74,64,34,32,49,69,81,33,112,49,84,35,73,88,26,80,115,60,24,15,26,26,114,99,84,100,101,80,103,76,111,96,106,98,106,98,59,101,91,86,111,107,47,94,99,167,69,143,149,169,115,57,88,100,,51,97,63,63,29,99,18,22,56,11,75,81,88,97,72,74,40,98,61,102,83,116,133,103,59,43,112,74,94,95,70,100,89,70,63,62,133,183,185,30,33,70,59,120,75,82,39,60,54,59,11,58,45,68,46,37,39,42,24,45,34,60,54,89,43,101,,24,44,144,37,45,41,56,53,76,71,59,64,37,58,76,76,65,63,56,60,11,44,23,48,62,59,36,31,66,55,94,67,71,81,78,83,71,13,41,24,96,65,73,91,62,96,29,43,13,34,41,108,87,95,111,71,101,84,43,106,69,73,45,79,97,93,73,95,75,48,50,46,42,95,56,93,113,35,121,64,86,107,96,63,129,104,103,112,84,123,146,5,53,44,93,41,73,19,53,59,79,104,28,78,91,83,77,69,56,76,31,94,98,50,65
20150501,21,O3_24h,154,176,127,236,98,134,154,230,206,160,194,202,144,116,112,156,133,176,105,159,217,188,150,146,151,244,189,227,232,155,143,138,63,248,171,153,114,243,206,164,151,172,192,158,101,143,99,265,182,125,109,140,86,79,54,47,61,49,36,74,78,71,80,47,88,158,130,113,147,81,149,117,116,76,78,90,122,165,192,163,108,113,173,219,210,191,183,182,141,185,202,198,127,130,197,81,143,86,51,76,133,56,75,165,43,56,226,182,120,78,99,125,137,134,124,163,210,87,177,121,75,132,83,124,110,208,119,114,132,49,96,95,44,82,90,90,121,44,148,84,146,108,113,171,47,107,143,79,69,87,69,108,145,136,134,122,124,173,149,98,116,118,123,117,145,149,113,116,91,93,167,179,80,149,162,226,126,228,227,252,127,140,136,180,,75,114,150,97,67,208,106,104,165,53,125,200,119,130,133,108,119,115,131,141,172,137,164,183,148,120,140,107,138,119,136,130,149,99,170,86,198,200,207,80,52,98,118,190,97,119,49,89,65,87,83,114,77,149,101,66,106,108,67,78,121,114,163,155,121,171,151,151,107,189,137,134,133,120,124,114,128,145,103,77,91,86,113,83,83,120,75,74,77,29,61,84,102,78,52,108,95,120,111,96,140,113,128,126,52,70,85,146,87,76,166,90,145,100,115,39,110,77,114,128,114,129,81,120,108,123,127,142,115,70,120,110,115,93,114,116,76,95,160,170,110,100,115,145,105,151,112,135,131,131,78,146,131,123,140,143,123,165,23,86,84,126,63,95,20,59,84,110,133,101,85,110,114,87,120,135,115,111,132,135,102,115
20150501,21,O3_8h,60,111,66,164,88,81,93,74,90,85,150,141,89,43,87,137,106,145,74,141,202,168,132,108,141,171,150,176,171,136,125,120,56,174,145,124,89,190,164,136,140,123,152,134,81,94,86,69,163,109,37,57,63,39,41,39,43,38,28,55,53,53,64,32,51,134,114,99,135,34,117,100,105,71,67,75,106,154,173,154,91,107,144,185,191,145,156,155,120,153,182,167,112,111,161,42,135,58,38,63,111,48,53,149,35,53,203,76,39,30,45,51,110,111,112,146,178,63,147,72,67,118,67,23,79,139,24,47,42,33,80,76,34,65,76,74,106,39,133,70,122,71,82,139,33,91,132,67,34,67,54,42,131,125,118,107,115,136,137,88,109,108,110,105,123,125,90,104,86,87,144,151,68,117,121,207,98,200,194,222,123,106,87,137,,64,97,118,81,30,98,33,25,64,38,112,116,100,121,84,89,59,112,100,119,140,127,139,143,86,73,125,88,119,107,111,108,92,77,114,71,162,152,198,53,37,86,83,161,84,82,39,71,49,74,47,82,56,112,62,52,64,80,43,54,51,75,99,105,57,143,82,83,70,169,82,68,46,74,64,79,89,79,76,62,73,80,98,73,70,94,61,48,63,23,51,74,82,62,42,94,78,112,98,82,109,95,113,90,38,45,61,118,79,69,135,75,123,73,75,28,81,64,111,106,105,124,77,111,101,106,114,121,94,54,113,105,108,85,105,106,67,82,58,56,103,82,108,137,88,143,99,124,122,117,72,140,125,114,133,131,112,160,13,78,75,115,57,88,18,55,66,99,119,56,79,104,107,79,108,69,99,57,103,112,73,96
20150501,21,O3_8h_24h,195,181,158,195,89,110,186,234,196,168,175,185,120,122,134,149,117,163,92,146,207,176,135,122,147,193,163,196,187,139,134,126,59,205,195,138,107,206,181,150,164,155,172,168,89,145,108,130,169,117,145,163,76,115,55,46,92,59,41,132,107,100,69,40,95,145,119,105,138,121,126,101,109,72,71,89,110,157,179,155,119,112,162,196,197,158,171,162,130,165,188,180,116,120,181,97,136,63,43,68,136,50,137,153,48,55,211,187,123,96,127,123,122,124,118,148,194,85,151,102,68,122,106,132,98,180,170,146,152,111,153,131,65,98,80,84,110,41,133,101,128,117,100,141,52,96,136,118,107,96,79,131,132,128,123,107,115,161,149,91,110,109,113,108,129,131,99,107,88,88,156,160,74,122,137,211,106,210,203,231,123,115,113,160,,69,148,131,91,82,203,109,112,177,68,119,175,106,123,180,100,91,113,123,130,159,131,149,164,122,110,133,107,127,109,115,111,118,93,128,78,167,158,202,65,44,93,97,176,86,99,69,81,57,103,70,111,99,141,82,86,130,162,96,74,103,154,144,127,131,157,135,146,129,183,142,138,134,145,158,167,157,168,121,77,81,82,121,78,71,105,63,67,73,27,57,75,86,76,51,98,81,113,110,113,136,165,150,126,54,69,94,148,81,69,145,88,134,81,105,32,97,69,112,117,108,126,79,116,105,116,119,130,103,60,115,105,110,86,108,110,92,95,144,158,104,94,110,141,94,146,102,129,146,119,73,140,125,115,135,137,112,160,20,83,79,117,59,91,18,56,70,101,119,78,81,104,107,79,116,157,102,130,108,119,103,104
20150501,21,CO,0.558,0.466,0.429,1.533,1.373,0.531,0.565,0.833,0.654,0.433,0.458,0.714,0.411,1.311,0.68,0.546,0.483,0.656,0.391,0.623,0.858,0.651,0.501,0.592,1.34,1.547,0.754,1.169,1.718,0.574,0.761,0.448,1.498,0.828,0.649,0.919,0.621,0.852,0.502,0.679,0.476,0.751,0.886,0.674,0.916,0.788,0.629,1.26,0.987,0.534,1.518,1.655,0.63,0.777,0.754,0.621,0.614,0.744,0.477,0.555,0.703,0.592,0.819,0.483,0.755,0.686,0.539,0.687,0.579,1.91,0.705,0.898,0.896,0.521,0.701,0.664,0.822,0.486,0.557,0.603,0.858,1.128,0.823,1.089,1.226,1.873,1.525,0.605,0.867,0.347,1.276,1.034,0.395,0.383,0.838,1.153,0.939,0.889,0.664,0.901,0.623,0.795,0.596,1.119,1.107,0.553,1.88,1.283,1.447,1.74,0.958,0.468,0.931,1.006,0.616,1.242,0.499,0.657,0.479,0.503,0.879,1.26,0.612,0.976,1.411,1.88,1.209,0.51,0.907,0.85,0.835,0.866,0.847,1.286,0.97,0.752,0.722,0.516,0.773,0.594,1.169,0.503,0.552,0.844,0.758,0.568,0.906,1.153,0.853,2.316,1.241,0.766,1.158,1.846,0.573,0.96,0.57,0.582,1.222,0.411,0.408,0.407,0.341,0.334,0.664,0.45,0.418,0.208,0.953,0.489,0.714,0.831,0.422,0.579,1.009,0.671,0.84,0.544,0.574,0.494,0.54,0.934,0.89,0.832,,0.193,0.619,1.425,0.573,1.459,0.638,0.935,1.453,0.446,2.907,0.515,0.439,0.541,0.436,1.041,0.89,0.545,0.651,0.665,0.649,0.253,0.614,0.368,0.717,0.376,0.445,0.684,0.937,0.752,0.894,0.505,0.415,0.562,0.389,0.369,0.291,1.078,0.867,0.918,1.587,0.605,0.192,1.057,1.06,0.614,0.719,0.847,0.789,1.166,0.905,1.593,1.269,1.098,1.435,0.676,1.093,1.458,1.281,1.508,0.575,0.512,0.865,0.677,0.658,0.915,1.126,0.983,0.633,0.847,0.919,0.52,1.674,0.2,1.556,0.68,1.547,1.722,1.338,1.531,1.031,0.639,0.533,0.782,0.872,0.318,1.098,0.999,0.416,0.699,0.35,0.962,1.052,0.787,2.153,1.005,0.927,0.669,0.783,0.495,0.632,0.559,0.643,0.407,0.736,0.715,0.406,1.005,0.617,0.205,0.421,0.933,0.562,0.56,0.344,1.184,1.322,0.799,0.647,1.018,0.536,0.658,1.248,0.678,0.522,0.533,1.13,0.382,0.952,0.815,0.524,3.748,0.245,0.187,1.833,2.856,0.368,0.89,3.412,1.42,2.529,0.879,0.604,0.926,0.546,1.159,0.692,2.508,0.906,0.392,0.524,0.33,0.411,0.245,,0.155,0.472,0.553,0.261,1.01,1.708,0.682,0.799,1.014,0.473,1.027,0.323,0.508,0.984,0.667,1.277,0.725,0.643,0.314,0.548,0.505,0.435,1.5,0.835,1.632,1.627,2.602,1.174
20150501,21,CO_24h,1.096,0.675,0.774,2.399,1.121,0.698,0.933,0.871,0.891,1.642,0.722,1.028,0.876,1.53,0.665,0.894,0.437,0.672,0.476,0.609,0.901,0.729,0.473,0.949,1.368,1.365,0.849,1.236,1.608,0.94,0.881,0.478,1.627,0.89,0.75,0.934,0.578,0.881,0.577,0.71,0.488,0.748,0.725,0.619,1.038,0.702,0.685,1.124,0.981,0.647,1.604,1.093,0.862,0.809,0.754,0.582,0.612,0.743,0.424,0.582,0.647,0.679,0.864,0.616,0.647,0.622,0.571,0.773,0.452,1.493,0.818,0.988,0.701,0.728,0.995,0.894,0.693,0.43,0.517,0.515,0.82,1.126,0.832,1.476,1.313,2.129,1.799,0.76,1.091,0.667,1.405,0.986,0.454,0.412,1.114,0.969,0.891,0.782,0.617,0.911,0.63,0.672,0.724,0.98,1.141,0.714,1.507,1.227,1.041,1.827,1.207,0.755,1.312,1.143,1.173,0.797,0.619,0.663,0.567,0.637,0.773,1.272,0.892,1.205,1.394,1.911,1.142,0.801,0.981,1.145,1.143,0.942,0.833,1.236,1.067,0.783,0.65,0.475,0.623,0.665,1.329,0.484,0.513,0.73,0.66,0.769,0.824,0.903,0.755,1.489,0.974,0.571,1.278,0.786,0.523,0.952,0.609,0.451,1.635,0.799,0.413,0.426,0.461,0.388,0.711,0.542,0.417,0.249,1.025,0.486,0.803,0.863,0.577,0.997,1.084,0.918,1.184,0.631,0.738,0.516,0.538,0.961,0.918,0.8,,0.284,0.751,1.336,0.687,1.731,0.627,1.166,1.507,0.812,2.69,0.403,0.71,0.343,0.337,0.54,0.508,0.496,0.599,0.885,0.78,0.565,0.827,0.972,0.808,0.573,0.427,0.761,0.902,0.648,0.784,0.218,0.419,0.627,0.381,0.579,0.338,1.005,0.873,0.742,0.972,0.557,0.145,0.977,0.858,0.525,0.777,0.613,0.694,1.123,0.862,1.24,1.174,1.225,1.198,0.67,1.2,1.231,0.895,1.161,0.655,0.737,1.114,0.666,0.807,0.762,1.186,1.028,0.905,0.978,0.635,1.135,1.579,0.697,1.441,0.92,1.779,1.592,1.183,1.266,1.002,0.78,0.706,0.681,1.116,0.499,1.216,1.547,0.433,0.549,0.328,0.961,1.255,0.767,1.99,0.823,0.948,0.692,0.765,0.423,0.596,0.3,0.64,0.324,0.567,0.675,0.571,0.8,0.429,0.267,0.655,1.063,0.537,0.456,0.295,1.163,0.656,0.595,0.364,0.98,0.691,0.56,1.174,0.542,0.47,0.392,0.62,0.376,0.489,0.695,0.533,3.177,0.299,0.2,1.847,2.904,0.26,0.8,2.937,1.445,2.514,0.895,0.44,1.051,0.562,0.691,0.771,2.158,0.779,0.443,0.448,0.337,0.995,0.357,0.288,0.293,0.394,0.564,0.33,0.939,1.632,0.367,0.642,0.481,0.551,1.07,0.416,0.51,1.347,0.834,1.414,0.707,0.733,0.415,0.518,0.302,0.797,1.296,0.768,1.169,2.097,2.96,1.036
20150501,23,AQI,45,52,33,72,185,43,40,75,53,47,71,61,45,58,58,75,49,93,63,80,126,94,72,57,116,135,76,87,82,71,58,66,61,92,87,83,77,100,84,99,80,74,91,78,86,66,58,36,110,57,94,64,30,27,24,19,23,18,20,30,43,25,52,26,47,67,52,57,67,55,70,85,76,136,33,38,146,85,99,92,58,125,74,96,103,73,94,111,61,81,110,98,60,56,79,36,78,45,22,71,57,22,25,84,39,54,123,59,45,42,35,55,74,50,59,163,93,33,78,45,82,78,35,69,32,70,110,33,40,16,39,50,41,49,58,37,49,19,66,44,62,57,86,72,59,42,69,57,59,90,57,38,71,66,96,54,195,79,74,42,56,58,56,50,61,63,61,51,44,45,76,79,76,93,71,131,89,114,117,132,69,108,111,66,,60,117,171,66,113,53,57,66,64,69,84,99,50,83,86,65,83,56,75,289,135,72,80,76,52,88,65,59,77,79,52,71,65,69,43,33,124,93,126,86,64,72,119,91,85,61,87,53,104,59,58,74,48,64,74,32,40,52,69,39,45,49,105,50,115,69,33,29,37,150,53,105,52,69,31,143,65,68,62,38,33,41,70,38,67,71,43,54,28,28,42,42,45,78,55,52,48,55,49,61,100,80,73,41,37,56,35,72,51,37,64,60,60,73,45,83,35,31,56,59,52,70,45,58,53,93,65,119,41,40,78,71,56,146,52,47,42,111,27,34,84,58,60,73,88,79,80,74,65,92,56,80,73,108,78,168,60,94,65,63,75,74,77,54,61,158,181,463,80,29,55,69,99,149,68,31,124,33,56,58,56,63
20150501,23,PM2.5,31,23,6,51,139,25,19,54,36,26,39,30,24,28,24,45,17,52,44,51,57,52,50,39,87,102,55,57,57,48,37,25,32,68,60,61,56,61,58,74,31,53,67,56,63,39,40,12,82,16,38,45,16,16,15,9,12,11,14,16,24,15,22,12,27,29,13,29,35,24,36,30,30,38,12,11,111,41,30,47,40,94,53,29,68,42,66,83,15,23,82,73,13,19,27,18,43,13,12,51,34,10,10,59,27,25,87,36,25,28,21,38,48,17,19,123,41,13,38,31,60,57,24,49,14,50,82,20,26,5,16,35,16,22,31,12,23,9,32,22,18,28,63,23,29,24,26,25,41,58,31,22,7,22,23,17,146,36,35,22,6,20,15,22,17,23,22,13,17,14,49,48,55,69,51,45,66,40,45,59,42,80,83,45,,42,88,129,47,25,34,24,47,20,39,42,65,29,30,63,42,26,28,42,63,53,47,20,50,32,65,29,25,56,42,29,46,46,49,17,9,93,59,81,60,45,52,89,60,62,42,64,29,77,41,39,25,32,45,53,16,17,32,49,27,31,34,78,35,86,27,23,20,4,115,36,78,13,47,10,59,42,45,34,26,17,28,31,26,48,51,27,37,17,17,15,17,28,41,25,31,26,31,11,23,75,58,38,11,20,21,14,44,26,13,29,37,37,22,25,28,15,6,39,33,7,50,21,28,36,48,46,88,21,17,48,19,27,61,13,17,21,83,13,18,20,22,17,33,42,33,41,36,35,49,22,56,40,80,44,67,27,35,38,36,33,36,40,13,21,90,126,130,36,15,16,31,72,66,34,5,93,23,39,40,11,44
20150501,23,PM2.5_24h,121,69,83,131,86,63,93,65,82,121,75,82,74,63,54,45,32,48,51,44,73,63,40,46,76,110,68,62,74,64,53,27,55,83,51,62,65,63,50,63,32,66,64,60,58,50,56,43,81,13,83,60,36,17,19,10,14,12,13,20,30,15,20,11,21,24,23,20,28,31,38,54,25,34,28,31,80,32,32,30,48,84,70,105,86,81,84,99,20,51,81,59,22,18,72,21,47,10,11,51,40,10,14,65,25,17,68,56,50,39,68,78,37,25,36,67,51,22,39,50,59,58,54,66,56,68,135,80,40,62,53,60,32,31,39,10,22,9,22,30,23,22,45,20,41,43,22,31,44,57,25,38,17,15,33,20,48,59,44,23,9,24,17,19,19,29,15,18,11,12,62,49,51,69,45,68,78,52,66,70,27,92,93,55,,56,80,79,54,47,42,46,56,55,32,26,101,29,26,74,32,48,24,50,44,46,49,42,63,42,56,36,25,37,32,16,31,41,38,36,9,78,65,63,69,53,43,114,49,56,57,57,26,66,50,44,44,30,56,59,42,47,59,41,38,41,50,79,57,91,62,81,72,40,84,75,68,49,70,58,68,67,65,61,59,23,32,29,37,39,62,37,44,18,14,15,22,22,33,28,24,27,31,9,25,52,23,37,14,32,27,10,29,20,17,29,41,26,33,30,14,27,6,33,40,10,26,18,15,26,24,35,35,20,15,26,16,42,51,30,8,14,48,25,23,25,16,30,23,23,33,26,30,20,31,17,67,37,55,42,68,40,36,49,29,26,35,22,13,19,82,134,131,30,13,9,19,32,87,18,49,55,34,42,42,28,40
20150501,23,PM10,31,52,22,82,204,42,25,91,50,46,69,,44,64,63,85,34,134,60,52,98,60,68,62,122,145,90,107,102,85,58,39,70,100,87,97,76,76,76,104,40,61,101,70,120,80,62,23,155,30,136,44,11,26,23,17,22,12,19,29,42,24,51,25,46,68,28,62,79,57,87,117,99,219,16,19,123,118,50,59,58,143,87,100,154,94,135,167,27,49,127,123,15,29,83,35,57,44,21,61,52,20,24,61,10,55,120,66,44,41,34,50,96,31,34,152,131,32,84,32,85,83,25,70,,51,103,32,39,13,19,49,40,48,64,34,42,18,58,43,40,61,89,51,66,38,62,61,65,128,61,37,39,67,140,56,90,106,55,34,8,19,20,27,24,35,42,25,22,22,60,59,79,95,78,98,97,54,71,89,68,138,139,69,,,96,124,69,40,54,62,55,76,85,115,145,49,113,120,77,113,56,98,411,217,92,37,89,51,106,60,66,97,105,48,89,75,50,22,21,137,97,96,119,60,65,118,88,76,70,70,54,84,60,63,95,47,68,73,31,39,52,56,34,42,38,99,31,106,35,,25,36,166,45,140,52,85,28,233,77,83,71,34,32,40,87,37,59,80,42,54,25,27,41,41,44,103,57,52,47,49,48,70,98,97,94,33,36,60,34,91,50,24,42,67,57,93,44,114,25,27,46,65,26,70,44,48,44,134,,185,39,39,104,90,28,240,16,39,41,127,23,33,116,64,68,80,123,63,108,96,64,132,59,91,94,132,104,284,66,125,78,73,98,95,101,55,69,264,309,562,108,28,57,85,146,246,84,5,131,27,52,48,60,58
20150501,23,PM10_24h,176,95,138,190,136,122,139,121,142,186,155,150,136,129,156,97,54,129,203,59,114,77,57,80,112,155,103,119,123,100,85,49,104,121,77,97,97,85,70,90,43,88,89,76,117,82,87,94,146,28,150,101,59,30,39,23,22,18,20,28,48,27,48,25,37,45,43,46,56,101,68,122,79,107,53,46,158,93,53,48,67,128,129,179,129,140,154,177,38,115,133,104,34,35,147,35,65,26,21,66,54,20,26,66,27,36,112,119,94,84,137,131,83,59,81,93,126,52,95,135,79,81,97,127,91,120,202,131,88,84,81,103,59,44,64,31,40,18,42,42,53,40,70,46,69,66,38,76,97,158,60,108,53,52,94,60,80,143,68,53,11,37,35,37,38,47,60,30,19,24,81,68,72,117,75,102,117,73,95,109,45,161,143,87,,80,144,122,72,88,76,107,114,109,63,81,220,56,77,152,85,193,67,158,125,140,83,86,123,191,118,86,66,94,71,48,61,99,65,186,29,119,98,92,123,83,61,131,78,70,104,64,40,86,67,59,75,46,83,104,65,98,104,53,54,60,78,118,88,133,106,122,131,108,124,136,111,88,121,99,123,109,106,102,77,44,48,75,46,52,100,67,66,35,29,39,42,36,69,57,39,46,47,33,67,77,39,59,36,51,55,23,62,48,37,43,64,48,102,47,42,40,23,54,87,25,49,37,39,43,78,45,75,47,33,39,40,30,183,34,20,30,111,51,58,108,43,75,67,70,48,66,73,39,74,42,120,73,110,87,152,111,89,71,60,63,67,59,52,76,281,513,453,88,36,30,65,72,358,49,98,84,37,58,85,121,62
20150501,23,SO2,2,3,9,28,21,25,10,28,27,3,6,18,6,17,7,15,6,5,12,8,17,8,11,17,17,68,14,30,44,17,13,4,8,13,9,11,19,21,12,4,4,7,51,6,13,6,4,3,34,11,14,10,9,7,6,3,8,7,6,7,7,13,8,7,10,8,12,27,10,11,6,11,10,14,6,18,35,45,8,13,6,29,8,9,12,62,48,53,3,12,70,20,7,3,39,11,10,18,5,4,8,2,13,15,6,15,17,23,14,4,14,19,27,23,10,68,16,13,11,7,12,23,11,19,8,8,12,14,10,6,8,13,7,9,12,4,8,2,14,20,10,8,9,11,16,5,38,15,6,7,9,8,3,24,59,11,3,25,33,12,4,5,6,8,5,9,5,4,13,7,9,14,9,19,17,20,23,9,10,25,13,11,22,6,,3,7,4,6,8,15,35,16,26,47,13,3,37,5,23,6,2,2,9,7,10,28,10,4,3,4,9,29,9,34,5,11,15,3,4,23,24,6,104,37,11,5,29,10,9,7,33,45,38,4,5,20,9,4,7,12,19,21,11,21,13,6,44,20,9,6,8,21,14,13,25,6,11,7,15,2,7,8,7,2,8,37,16,4,21,18,28,2,6,2,12,10,97,34,13,5,7,4,20,17,19,12,8,19,4,12,9,24,6,16,41,7,65,7,14,13,13,46,12,31,15,17,14,6,9,12,7,9,5,17,9,4,9,31,8,3,5,14,18,8,42,9,5,15,13,2,10,5,6,16,9,8,6,10,23,30,4,7,3,5,7,6,2,13,16,9,12,87,9,15,3,5,11,3,8,5,37,5,15,10,10,12
20150501,23,SO2_24h,12,13,43,74,23,18,27,31,38,22,30,29,25,20,13,26,9,9,12,9,21,11,13,19,18,51,18,30,44,25,16,6,15,29,13,15,24,26,12,6,4,24,35,6,17,5,10,23,31,12,26,18,17,8,6,3,9,7,6,7,6,17,9,3,7,7,11,24,7,11,7,13,12,12,21,15,19,8,12,11,8,38,14,61,33,68,54,39,6,21,75,33,10,4,50,12,7,6,4,5,7,2,16,12,6,14,34,16,23,14,40,18,17,24,22,59,15,14,27,11,37,22,50,29,17,23,28,56,30,8,21,30,12,8,13,4,10,3,10,12,35,8,15,7,7,6,17,9,6,6,8,10,15,30,62,9,2,40,43,15,4,9,7,10,8,12,6,5,13,8,11,17,12,33,21,21,35,17,16,28,13,16,21,18,,12,15,22,7,15,22,40,24,30,52,17,17,39,5,13,5,4,2,40,20,13,13,13,5,6,5,10,20,10,17,4,10,15,14,6,26,24,7,38,45,36,5,22,18,18,8,39,20,30,3,8,20,7,5,10,23,34,44,13,15,19,20,88,33,26,21,25,44,16,20,49,19,21,37,22,15,19,18,29,5,12,36,21,6,30,16,37,2,12,3,8,16,46,25,14,6,24,8,16,7,11,14,7,13,4,12,10,18,7,15,23,13,30,11,13,11,7,17,10,52,16,18,20,7,5,12,8,12,9,18,7,5,10,37,10,3,5,11,18,12,18,7,5,18,7,7,10,7,9,8,9,13,5,9,20,27,3,10,5,5,6,5,3,13,16,10,17,148,7,14,4,7,11,3,10,7,24,5,14,20,19,18
20150501,23,NO2,27,10,11,41,32,39,14,34,23,9,21,10,27,24,22,28,29,20,28,14,30,25,9,15,27,52,27,51,42,18,15,8,18,43,17,33,35,28,21,8,14,33,33,15,19,36,17,23,39,11,42,40,23,30,26,12,14,5,9,29,13,16,23,14,40,64,22,35,50,35,67,20,70,89,21,16,34,29,22,11,25,26,24,17,20,44,46,32,6,8,29,17,11,9,17,33,9,22,9,14,4,6,22,14,3,30,16,17,24,37,29,10,41,24,17,57,22,18,10,18,25,24,17,28,24,21,38,24,20,20,16,15,10,12,27,12,14,8,70,30,19,33,20,28,26,20,17,44,27,38,38,22,5,21,36,39,39,29,27,8,11,18,5,17,11,3,13,10,9,3,18,18,33,34,22,23,30,6,32,25,9,16,39,13,,14,25,22,29,14,23,29,12,23,28,27,9,42,22,45,14,7,7,14,17,20,8,15,9,12,26,14,39,13,28,11,22,16,13,11,11,28,21,14,51,17,9,40,37,19,11,7,39,10,23,31,17,19,22,15,8,24,31,15,3,10,7,28,22,27,16,26,29,19,21,15,26,15,17,20,7,13,10,4,9,17,16,18,5,29,22,23,6,13,2,10,17,15,26,10,24,20,11,28,29,19,62,55,19,32,24,20,20,7,15,15,26,11,2,31,19,18,8,5,25,6,19,11,5,23,65,16,64,4,11,29,7,8,28,2,8,17,58,10,18,62,30,10,20,76,30,20,31,17,73,14,22,11,12,31,30,18,16,28,37,26,41,16,62,7,45,19,23,33,18,3,96,72,4,25,6,44,15,13,14,8,14
20150501,23,NO2_24h,44,20,38,57,36,29,30,20,29,24,34,19,42,21,19,34,35,29,36,21,42,37,11,20,28,39,38,47,42,25,18,12,23,40,27,39,44,32,27,21,15,43,31,16,26,32,30,28,30,14,53,47,25,27,22,10,14,6,7,23,12,17,22,10,23,27,21,21,16,22,37,26,25,44,26,16,22,10,25,11,16,29,29,31,23,48,47,23,22,20,30,28,24,18,31,25,9,13,5,15,5,5,29,9,18,18,26,13,21,24,55,11,26,34,36,36,29,16,11,22,24,26,32,36,22,31,38,37,27,31,30,26,14,10,21,10,15,8,22,15,31,15,14,14,12,22,13,22,14,22,22,23,12,26,17,19,17,36,26,19,9,29,12,22,25,10,13,11,13,5,25,33,49,46,32,32,44,11,41,35,9,22,31,31,,24,33,30,32,21,16,21,14,25,11,19,14,20,15,25,14,6,6,19,27,26,23,26,18,16,23,25,22,17,23,12,22,17,21,16,15,26,21,19,47,20,8,45,41,18,15,9,25,15,20,26,13,24,21,18,12,23,27,19,5,15,18,31,36,31,39,39,29,20,22,28,30,36,34,28,29,31,16,17,9,21,11,14,11,33,17,27,7,15,2,9,15,12,13,9,8,22,15,12,12,12,21,14,10,27,22,15,12,5,23,19,33,9,2,23,13,21,7,6,26,7,12,12,6,12,27,17,29,4,13,13,10,10,28,3,3,10,20,8,14,20,16,14,14,33,22,13,16,12,54,11,29,12,10,17,22,16,17,12,13,13,15,6,33,9,12,9,15,17,14,6,22,24,5,15,19,32,13,10,25,10,17
20150501,23,O3,46,66,78,78,67,35,74,28,90,48,95,78,36,29,82,114,80,81,42,126,146,112,118,93,88,57,92,65,67,89,75,122,38,76,139,105,63,93,109,138,121,95,80,120,60,63,60,55,99,110,18,46,55,16,21,31,21,29,16,21,45,32,38,10,25,56,70,64,79,15,36,90,33,14,61,70,75,84,101,130,67,83,68,79,69,48,103,79,107,113,113,125,115,117,80,21,122,32,24,38,96,33,19,121,24,30,138,68,26,14,36,47,65,81,103,78,87,60,105,53,97,81,52,21,34,120,8,47,43,30,60,61,35,22,36,56,72,34,46,31,94,17,50,66,17,71,83,50,15,4,13,42,106,115,79,66,87,69,99,74,96,100,104,89,91,108,91,94,87,87,100,106,48,82,113,148,62,117,123,127,116,44,54,100,,45,44,59,56,33,76,14,23,54,11,72,83,43,94,41,65,48,92,54,62,62,53,118,107,44,46,95,54,113,88,76,74,60,76,44,44,110,127,152,22,29,61,68,127,61,81,47,53,48,58,2,49,38,66,44,44,30,28,36,47,31,53,41,58,50,55,19,18,38,141,37,46,39,44,45,65,75,70,39,23,52,48,73,69,59,42,40,6,31,24,45,50,28,26,28,37,51,80,49,44,72,26,30,56,7,42,22,78,57,70,73,55,94,14,26,14,75,61,86,85,91,75,74,105,72,14,102,19,56,39,80,96,105,61,96,66,31,32,38,37,31,41,83,96,11,108,63,66,92,53,55,114,92,76,84,68,96,119,6,46,43,67,33,41,18,19,56,83,69,39,82,11,10,75,48,63,73,32,83,95,55,73
20150501,23,O3_24h,143,176,113,236,98,134,153,223,214,160,194,202,144,100,100,156,133,176,105,159,217,188,150,146,151,244,189,227,232,155,143,138,63,248,161,153,114,243,206,164,151,172,192,147,101,142,97,265,182,125,107,140,86,76,54,47,61,49,36,74,78,71,80,47,88,158,130,113,145,61,149,117,116,76,78,90,122,165,192,163,107,113,173,219,210,191,183,182,141,185,202,198,127,130,197,72,143,86,51,76,130,56,75,165,43,56,226,143,99,60,78,120,137,134,125,163,210,85,177,121,112,132,82,115,110,208,119,112,111,47,94,94,40,77,90,89,121,44,148,84,146,108,113,171,46,107,143,74,62,87,69,80,145,136,134,122,124,173,149,98,116,118,123,117,145,149,142,116,91,93,167,179,80,149,162,226,126,228,227,252,127,140,136,180,,75,108,150,97,67,112,86,90,129,53,125,200,119,130,113,108,119,115,131,141,172,137,164,183,148,120,140,105,138,119,136,130,149,99,170,86,198,200,207,80,52,98,118,190,97,120,50,89,65,87,80,114,77,149,101,66,94,107,67,78,121,94,163,155,121,171,151,151,101,189,137,132,124,107,92,107,122,122,103,77,91,86,113,83,83,120,75,74,77,29,61,84,102,77,52,108,95,120,111,96,124,107,128,126,52,62,84,132,87,76,166,89,145,100,115,39,110,77,114,128,114,129,81,120,108,123,127,142,115,70,120,110,115,93,114,116,76,95,160,143,110,100,115,145,105,151,112,135,131,131,78,146,131,123,140,143,123,165,23,86,84,126,63,95,20,59,84,110,133,101,85,110,114,87,120,129,115,93,132,135,102,115
20150501,23,O3_8h,54,86,64,125,85,53,78,61,76,66,124,111,63,39,88,128,96,122,61,134,187,151,125,97,127,129,129,143,137,123,108,118,51,136,143,115,78,159,139,132,134,106,126,132,73,84,78,70,149,107,19,45,58,28,34,36,34,34,23,42,50,46,56,23,42,119,101,90,119,26,96,99,88,59,65,74,97,137,157,149,83,100,120,154,159,115,139,134,112,135,167,150,110,106,133,34,132,49,32,57,107,43,42,139,32,48,184,71,28,22,38,49,94,98,109,131,150,65,132,58,70,109,65,23,62,117,14,45,43,31,77,70,35,52,65,72,97,36,118,60,113,58,76,125,29,83,121,64,29,48,42,40,124,118,105,100,107,110,127,82,105,108,106,99,112,114,111,100,86,88,130,133,59,107,114,193,85,174,177,194,121,85,87,117,,58,85,98,76,24,98,26,24,63,30,97,92,88,114,75,80,55,105,82,103,114,114,134,129,65,57,116,79,113,102,101,100,83,72,84,64,152,150,187,42,34,78,74,147,78,83,40,67,51,69,31,73,47,91,53,46,53,67,37,49,44,68,71,83,47,121,48,52,52,157,60,63,41,65,61,71,89,75,63,50,65,74,88,70,66,76,55,33,55,23,50,68,67,46,38,81,68,104,85,76,101,84,93,81,28,42,49,108,75,73,115,69,110,52,62,23,69,61,104,99,101,114,75,108,94,81,110,95,81,49,108,103,106,81,101,93,58,69,52,50,89,72,101,126,67,133,88,109,116,104,69,134,117,105,123,115,110,151,10,66,64,105,50,78,19,49,65,94,110,42,80,88,86,80,93,61,91,46,93,103,62,87
20150501,23,O3_8h_24h,171,155,139,194,88,109,165,234,183,149,173,178,116,115,112,149,116,163,92,146,207,176,135,121,147,193,163,196,187,139,134,126,59,205,185,138,101,206,181,150,143,151,172,161,89,138,94,113,168,117,121,131,66,73,47,43,59,44,32,80,80,77,69,39,78,143,119,105,136,97,126,101,109,72,71,80,110,157,179,155,106,110,158,196,197,158,170,160,130,163,188,180,115,120,181,76,136,63,43,66,133,50,100,153,38,55,211,175,117,70,110,121,122,124,118,148,194,83,151,102,73,122,87,110,98,180,128,130,142,82,126,106,52,86,80,83,110,41,133,84,128,99,95,141,47,96,136,99,85,81,67,114,132,128,123,108,115,161,142,91,110,110,113,107,129,131,134,107,86,88,154,160,74,122,133,211,106,210,203,231,123,115,113,160,,68,128,131,83,74,186,104,108,170,58,119,175,106,123,153,99,91,113,122,130,159,129,149,164,122,110,133,106,127,109,115,113,113,81,128,78,167,162,202,64,42,93,87,176,86,99,43,81,57,94,63,103,77,131,81,63,106,131,73,66,85,128,129,121,112,157,123,134,111,183,129,132,126,127,135,137,140,157,107,68,81,81,106,78,71,103,62,63,67,27,57,75,85,74,43,98,81,113,102,97,129,131,123,115,48,67,83,140,81,73,145,84,134,81,93,32,97,69,111,117,108,126,79,116,105,116,119,130,101,60,115,105,110,86,108,110,79,86,139,157,104,88,110,141,94,146,102,129,127,119,73,140,125,115,135,137,112,160,18,82,79,117,59,91,19,55,70,101,119,66,82,104,107,80,116,142,102,117,108,119,97,104
20150501,23,CO,0.525,0.439,0.796,1.204,1.121,0.581,0.511,0.855,0.57,0.471,0.541,0.643,0.366,1.315,0.567,0.564,0.418,0.634,0.403,0.564,0.712,0.62,0.45,0.696,1.271,1.59,0.673,1.232,1.801,0.67,0.735,0.425,1.383,0.859,0.664,0.926,0.53,0.804,0.516,0.634,0.458,0.725,0.893,0.638,1.081,0.692,0.557,0.955,1.028,0.519,1.655,1.019,0.701,0.747,0.743,0.543,0.599,0.723,0.592,0.575,0.658,0.636,0.835,0.459,0.751,0.763,0.496,0.771,0.726,1.913,0.795,0.742,1.12,1.14,0.717,0.535,0.715,0.803,0.536,0.581,0.759,1.346,1.187,1.009,1.122,1.874,1.449,0.552,0.801,0.33,1.245,0.818,0.375,0.327,0.903,1.091,0.89,0.871,0.677,0.858,0.603,0.716,0.615,1.05,0.993,0.94,1.602,1.296,1.763,1.857,0.879,0.563,2.154,0.93,0.599,1.191,0.541,0.624,0.501,0.506,1.177,1.496,0.472,0.992,0.978,1.746,1.113,0.541,0.813,0.781,0.769,0.85,0.854,1.26,1.055,0.78,0.661,0.527,0.944,0.687,0.984,0.534,0.547,0.901,0.82,0.574,0.97,1.408,0.849,2.075,1.219,0.549,1.129,1.163,0.794,1.117,0.669,0.306,1.28,0.357,0.395,0.418,0.312,0.306,0.597,0.393,0.648,0.196,0.948,0.469,0.716,0.78,0.451,0.707,0.899,0.701,0.949,0.531,0.545,0.414,0.521,0.787,0.987,0.832,,0.163,0.824,1.387,0.536,15.948,0.655,0.917,1.451,0.453,2.919,0.442,0.634,0.547,0.363,0.796,0.545,0.525,0.558,0.651,0.52,0.153,0.575,0.418,0.583,0.283,0.34,0.675,1.178,0.532,1.01,0.514,0.587,0.66,0.314,0.276,0.451,1.155,0.744,0.811,0.928,0.396,0.194,0.941,0.866,0.538,0.609,0.814,1.095,1.22,0.836,1.451,1.264,1.287,1.172,0.637,0.763,1.48,0.971,1.108,0.58,0.451,0.858,0.653,0.773,0.759,1.086,0.932,0.629,0.951,0.777,0.5,1.753,0.248,1.711,0.701,1.455,1.575,1.161,0.834,1.078,0.667,0.619,0.725,0.88,0.357,1.099,1.342,0.252,0.639,0.372,1,1.087,0.938,2.204,0.904,1.092,0.652,0.795,0.411,0.732,0.383,0.964,0.61,0.712,0.658,0.413,0.856,0.596,0.246,0.413,0.959,0.383,0.544,0.265,1.109,0.77,0.52,0.397,1.101,0.565,0.522,1.308,0.581,0.504,0.544,0.919,0.383,0.724,0.848,0.508,3.395,0.223,0.155,2.307,2.882,0.35,0.856,3.437,1.388,2.473,1.476,0.548,0.891,0.494,1.346,0.731,2.345,0.732,0.372,0.75,0.324,1.848,0.258,,0.154,0.48,0.636,0.353,1.23,1.682,0.446,0.897,0.758,0.791,0.992,0.598,0.375,0.92,1.077,1.467,0.718,1.246,1.475,0.561,0.42,0.409,1.635,0.784,1.297,1.741,2.516,1.064
20150501,23,CO_24h,1.038,0.655,0.787,2.356,1.128,0.688,0.912,0.848,0.833,1.513,0.691,0.987,0.855,1.49,0.657,0.893,0.442,0.674,0.463,0.604,0.896,0.707,0.463,0.943,1.368,1.405,0.808,1.221,1.637,0.899,0.855,0.467,1.61,0.889,0.726,0.925,0.568,0.862,0.564,0.704,0.482,0.752,0.737,0.616,1.042,0.707,0.664,1.1,0.971,0.633,1.611,1.1,0.835,0.758,0.754,0.586,0.598,0.738,0.432,0.582,0.652,0.658,0.858,0.615,0.648,0.613,0.56,0.765,0.467,1.529,0.824,0.975,0.737,0.75,0.987,0.851,0.71,0.43,0.529,0.517,0.824,1.115,0.869,1.432,1.298,2.14,1.752,0.746,1.099,0.652,1.368,0.951,0.448,0.395,1.12,0.971,0.881,0.791,0.616,0.894,0.623,0.671,0.683,0.971,1.131,0.732,1.525,1.188,1.098,1.66,1.177,0.667,1.315,1.128,1.112,0.822,0.625,0.604,0.538,0.63,0.779,1.28,0.861,1.193,1.353,1.916,1.146,0.787,0.944,1.092,1.099,0.926,0.826,1.229,1.036,0.776,0.653,0.476,0.614,0.628,1.302,0.453,0.405,0.736,0.643,0.754,0.831,0.926,0.729,1.538,0.997,0.524,1.285,0.861,0.539,0.946,0.609,0.454,1.586,0.76,0.409,0.417,0.45,0.376,0.697,0.528,0.562,0.237,1.01,0.483,0.774,0.827,0.563,0.944,1.068,0.919,1.099,0.602,0.683,0.496,0.532,0.956,0.933,0.798,,0.265,0.749,1.349,0.675,3.109,0.609,1.112,1.484,0.704,2.697,0.429,0.712,0.349,0.341,0.563,0.489,0.51,0.593,0.867,0.758,0.453,0.78,0.91,0.778,0.547,0.44,0.741,0.926,0.652,0.838,0.198,0.432,0.625,0.371,0.54,0.32,1.035,0.86,0.766,1.01,0.555,0.146,0.999,0.878,0.536,0.773,0.655,0.723,1.138,0.862,1.277,1.174,1.238,1.23,0.642,1.168,1.289,0.924,1.155,0.634,0.702,1.079,0.664,0.81,0.776,1.175,1.033,0.898,1.032,0.645,1.117,1.612,0.636,1.464,0.889,1.772,1.607,1.191,1.246,0.998,0.771,0.688,0.691,1.055,0.492,1.189,1.536,0.417,0.564,0.33,0.962,1.255,0.765,2.013,0.814,0.947,0.704,0.765,0.421,0.591,0.28,0.623,0.329,0.561,0.663,0.53,0.79,0.382,0.256,0.609,1.052,0.529,0.465,0.288,1.143,0.678,0.583,0.373,0.992,0.661,0.564,1.172,0.549,0.465,0.412,0.625,0.38,0.512,0.71,0.532,3.191,0.29,0.187,1.836,2.902,0.271,0.778,2.978,1.42,2.481,0.927,0.454,1.053,0.535,0.754,0.744,2.201,0.793,0.435,0.472,0.323,1.03,0.325,0.288,0.274,0.411,0.57,0.291,0.989,1.64,0.385,0.661,0.468,0.576,1.073,0.403,0.507,1.288,0.855,1.348,0.71,0.772,0.483,0.487,0.305,0.761,1.308,0.761,1.184,2.01,2.91,1.026
